[[(0, 1), (1, 1), (2, 1), (3, 1), (4, 1), (5, 1), (6, 1), (7, 1), (8, 1)],
 [(0, 1), (3, 1), (5, 1), (6, 1), (9, 1), (10, 1), (11, 1), (12, 1), (13, 1)],
 [(0, 1), (3, 1), (5, 1), (6, 1), (8, 1), (14, 1), (15, 1), (16, 1)],
 [(0, 1), (3, 1), (5, 1), (6, 1), (8, 1), (17, 1), (18, 1), (19, 1)],
 [(3, 1), (5, 1), (20, 2), (21, 1), (22, 1), (23, 1), (24, 1), (25, 1)],
 [(0, 1),
  (1, 1),
  (3, 1),
  (5, 1),
  (6, 1),
  (11, 1),
  (26, 1),
  (27, 1),
  (28, 1),
  (29, 1)],
 [(0, 1),
  (3, 1),
  (5, 1),
  (6, 1),
  (8, 1),
  (30, 1),
  (31, 1),
  (32, 1),
  (33, 1),
  (34, 1)],
 [(0, 1), (3, 1), (5, 1), (6, 1), (8, 1), (35, 1), (36, 1), (37, 1)],
 [(0, 1), (3, 1), (5, 1), (6, 1), (8, 1), (16, 1), (18, 1), (38, 1), (39, 1)],
 [(3, 1), (5, 1), (40, 1), (41, 1), (42, 1), (43, 1)],
 [(0, 1), (3, 1), (44, 1), (45, 1), (46, 1), (47, 1), (48, 1), (49, 1)],
 [(0, 1), (2, 1), (3, 1), (5, 1), (6, 1), (8, 1), (50, 1)],
 [(0, 1), (3, 1), (5, 1), (49, 1), (51, 2), (52, 1)],
 [(3, 1),
  (5, 1),
  (6, 1),
  (8, 1),
  (14, 2),
  (19, 2),
  (22, 1),
  (24, 1),
  (25, 1),
  (53, 1)],
 [(0, 1), (3, 1), (5, 1), (6, 1), (8, 1), (19, 2), (53, 1), (54, 2)],
 [(0, 1),
  (3, 1),
  (5, 1),
  (6, 1),
  (8, 1),
  (27, 1),
  (28, 1),
  (55, 1),
  (56, 1),
  (57, 1),
  (58, 1)],
 [(3, 1),
  (5, 1),
  (23, 1),
  (42, 1),
  (47, 1),
  (59, 2),
  (60, 1),
  (61, 1),
  (62, 1)],
 [(3, 1), (5, 1), (6, 1), (11, 1), (28, 1), (63, 1), (64, 1), (65, 1)],
 [(0, 1), (3, 1), (5, 1), (6, 1), (11, 1), (66, 1), (67, 1)],
 [(0, 1), (3, 1), (5, 1), (6, 1), (11, 1), (29, 1), (38, 1), (68, 1), (69, 1)],
 [(0, 1), (3, 1), (5, 1), (6, 1), (8, 1), (68, 1), (70, 1), (71, 1), (72, 1)],
 [(0, 1), (3, 1), (5, 1), (6, 1), (73, 1), (74, 1), (75, 1), (76, 1)],
 [(0, 1),
  (3, 1),
  (5, 1),
  (6, 1),
  (8, 1),
  (76, 1),
  (77, 1),
  (78, 1),
  (79, 1),
  (80, 1)],
 [(3, 1), (6, 1), (8, 1), (24, 1), (31, 1), (81, 1), (82, 1)],
 [(3, 1), (6, 1), (8, 1), (24, 1), (76, 1), (83, 1), (84, 1), (85, 1), (86, 1)],
 [(0, 1),
  (3, 1),
  (46, 1),
  (47, 1),
  (49, 1),
  (51, 1),
  (87, 1),
  (88, 1),
  (89, 1)],
 [(0, 1), (3, 1), (5, 1), (6, 1), (8, 1), (65, 1), (90, 1)],
 [(3, 1), (5, 1), (42, 1), (43, 1), (91, 1), (92, 1), (93, 1)],
 [(0, 1), (2, 1), (3, 1), (5, 1), (6, 1), (8, 1), (15, 1)],
 [(0, 1),
  (1, 1),
  (2, 1),
  (3, 1),
  (5, 1),
  (6, 1),
  (8, 1),
  (76, 1),
  (94, 1),
  (95, 1)],
 [(3, 1), (6, 1), (24, 1), (81, 1), (96, 1), (97, 1), (98, 1), (99, 1)],
 [(0, 1), (3, 1), (5, 1), (6, 1), (11, 1), (33, 2), (34, 1), (66, 1)],
 [(0, 1), (1, 2), (3, 1), (5, 1), (6, 1), (8, 1), (75, 1), (76, 1)],
 [(0, 1),
  (3, 1),
  (5, 1),
  (11, 1),
  (47, 1),
  (49, 1),
  (51, 1),
  (100, 1),
  (101, 1),
  (102, 1),
  (103, 1),
  (104, 1),
  (105, 1)],
 [(0, 1),
  (3, 1),
  (47, 1),
  (49, 1),
  (51, 1),
  (100, 1),
  (101, 1),
  (103, 1),
  (104, 1),
  (105, 1)],
 [(1, 1),
  (3, 1),
  (6, 1),
  (8, 1),
  (24, 1),
  (33, 1),
  (34, 1),
  (70, 1),
  (86, 1),
  (106, 1)],
 [(0, 1), (3, 1), (5, 1), (6, 1), (11, 1), (14, 1), (33, 1), (35, 1), (57, 1)],
 [(3, 1),
  (5, 1),
  (42, 1),
  (107, 1),
  (108, 1),
  (109, 1),
  (110, 1),
  (111, 1),
  (112, 1),
  (113, 1)],
 [(0, 1), (3, 1), (5, 1), (6, 1), (11, 1), (34, 1), (56, 1), (57, 1), (94, 1)],
 [(0, 1), (3, 1), (5, 1), (6, 1), (11, 1), (76, 1), (77, 1), (79, 1), (114, 1)],
 [(0, 1), (3, 1), (5, 1), (6, 1), (8, 1), (19, 1), (66, 2)],
 [(3, 1), (5, 1), (22, 1), (23, 1), (24, 1), (25, 1), (115, 2)],
 [(0, 1), (3, 1), (5, 1), (49, 1), (87, 2), (116, 1), (117, 1)],
 [(0, 1), (3, 1), (5, 1), (6, 1), (8, 1), (64, 1), (90, 1)],
 [(3, 1),
  (5, 1),
  (6, 1),
  (8, 1),
  (17, 2),
  (22, 1),
  (24, 1),
  (25, 1),
  (34, 1),
  (94, 1)],
 [(0, 1), (3, 1), (5, 1), (6, 1), (8, 1), (10, 1), (12, 1), (74, 1)],
 [(3, 1), (5, 1), (6, 1), (8, 1), (14, 2), (22, 1), (24, 1), (25, 1), (118, 1)],
 [(0, 1), (3, 1), (5, 1), (6, 1), (11, 1), (16, 1), (17, 1), (39, 1), (114, 1)],
 [(3, 1),
  (5, 1),
  (41, 1),
  (42, 1),
  (110, 1),
  (111, 1),
  (112, 1),
  (113, 1),
  (119, 1),
  (120, 1)],
 [(0, 1), (3, 1), (49, 1), (51, 2)],
 [(3, 1), (5, 1), (23, 1), (42, 1), (47, 1), (60, 1), (121, 1)],
 [(0, 1), (3, 1), (5, 1), (6, 1), (11, 1), (29, 1), (31, 1), (39, 1), (96, 1)],
 [(0, 1), (3, 1), (5, 1), (6, 1), (8, 1), (31, 1), (112, 1), (113, 1)],
 [(0, 1), (3, 1), (5, 1), (6, 1), (11, 1), (37, 1), (57, 1), (58, 1)],
 [(0, 1), (3, 1), (5, 1), (6, 1), (8, 1), (15, 1), (26, 1), (80, 1)],
 [(0, 1),
  (3, 1),
  (5, 1),
  (6, 1),
  (8, 1),
  (71, 1),
  (72, 1),
  (76, 1),
  (84, 1),
  (85, 1),
  (114, 1)],
 [(0, 1), (3, 1), (5, 1), (6, 1), (11, 1), (17, 1), (58, 1), (68, 1), (69, 1)],
 [(0, 1),
  (3, 1),
  (44, 1),
  (47, 1),
  (49, 1),
  (101, 1),
  (122, 1),
  (123, 1),
  (124, 1)],
 [(0, 1), (3, 1), (5, 1), (49, 1), (103, 1), (104, 1), (125, 2), (126, 1)],
 [(3, 1),
  (5, 1),
  (6, 1),
  (8, 1),
  (22, 1),
  (24, 1),
  (25, 1),
  (50, 2),
  (80, 1),
  (127, 1)],
 [(0, 1), (3, 1), (5, 1), (6, 1), (11, 1), (33, 1), (57, 2), (128, 1)],
 [(0, 1), (3, 1), (5, 1), (6, 1), (11, 1), (12, 1), (13, 1), (78, 1)],
 [(0, 1),
  (3, 1),
  (5, 1),
  (11, 1),
  (47, 1),
  (49, 1),
  (51, 1),
  (101, 1),
  (129, 1),
  (130, 1)],
 [(3, 1), (5, 1), (41, 1), (42, 1), (43, 1), (47, 1), (60, 1), (93, 1)],
 [(3, 1), (5, 1), (42, 1), (43, 1), (119, 1), (131, 1), (132, 1)],
 [(0, 1),
  (3, 1),
  (5, 1),
  (6, 1),
  (11, 1),
  (36, 1),
  (98, 1),
  (99, 1),
  (109, 1),
  (133, 1)],
 [(0, 1), (3, 1), (5, 1), (47, 1), (49, 1), (60, 1), (101, 2), (130, 1)],
 [(3, 1), (5, 1), (23, 1), (42, 1), (61, 1), (121, 1), (134, 1)],
 [(0, 1),
  (3, 1),
  (5, 1),
  (6, 1),
  (11, 1),
  (14, 1),
  (37, 1),
  (135, 1),
  (136, 1),
  (137, 1)],
 [(0, 1), (3, 1), (5, 1), (6, 1), (11, 1), (19, 1), (73, 1), (94, 1), (138, 1)],
 [(0, 1), (1, 1), (3, 1), (5, 1), (6, 1), (8, 1), (50, 1), (76, 1)],
 [(0, 1),
  (3, 1),
  (5, 1),
  (6, 1),
  (9, 1),
  (11, 1),
  (33, 1),
  (106, 1),
  (109, 1),
  (120, 1)],
 [(3, 1), (5, 1), (23, 1), (42, 1), (121, 1), (139, 1)],
 [(3, 1),
  (5, 1),
  (42, 1),
  (43, 1),
  (47, 1),
  (60, 1),
  (93, 1),
  (132, 1),
  (140, 2)],
 [(3, 1), (5, 1), (42, 1), (43, 1), (141, 1), (142, 1)],
 [(3, 1), (6, 1), (8, 1), (24, 1), (74, 1), (84, 1), (86, 1), (114, 1)],
 [(3, 1), (6, 1), (24, 1), (63, 1), (143, 1)],
 [(3, 1), (6, 1), (24, 1), (63, 1), (83, 1), (144, 1)],
 [(3, 1),
  (6, 1),
  (8, 1),
  (24, 1),
  (82, 1),
  (86, 1),
  (96, 1),
  (112, 1),
  (113, 1)],
 [(0, 1), (2, 1), (3, 1), (5, 1), (6, 1), (11, 1), (19, 1), (70, 1), (137, 1)],
 [(0, 1), (3, 1), (5, 1), (6, 1), (11, 1), (138, 2), (145, 1)],
 [(0, 1), (1, 1), (3, 1), (6, 1), (70, 1), (76, 1), (137, 1)],
 [(0, 1),
  (3, 1),
  (5, 1),
  (6, 1),
  (11, 1),
  (15, 1),
  (26, 1),
  (76, 1),
  (79, 1),
  (145, 1)],
 [(3, 1), (5, 1), (42, 1), (43, 1), (91, 1), (146, 1), (147, 1)],
 [(3, 1), (5, 1), (6, 1), (8, 1), (22, 1), (24, 1), (25, 1), (83, 2), (148, 1)],
 [(0, 1), (3, 1), (5, 1), (6, 1), (8, 1), (36, 1), (55, 1), (133, 1), (149, 1)],
 [(3, 1), (6, 1), (24, 1), (63, 1), (67, 1), (76, 1), (84, 1), (150, 1)],
 [(3, 1), (5, 1), (42, 1), (111, 1), (140, 1)],
 [(3, 1), (6, 1), (24, 1), (63, 1), (150, 1)],
 [(0, 1),
  (3, 1),
  (5, 1),
  (6, 1),
  (8, 1),
  (18, 1),
  (33, 1),
  (38, 1),
  (112, 1),
  (113, 1),
  (128, 1),
  (137, 1)],
 [(3, 1),
  (5, 1),
  (6, 1),
  (8, 1),
  (22, 1),
  (24, 1),
  (25, 1),
  (40, 2),
  (76, 1),
  (80, 1),
  (127, 1),
  (148, 1)],
 [(3, 1), (5, 1), (8, 1), (42, 1), (111, 1), (112, 1), (113, 1), (151, 2)],
 [(3, 1),
  (5, 1),
  (21, 1),
  (23, 1),
  (42, 1),
  (47, 1),
  (60, 1),
  (62, 1),
  (139, 1),
  (143, 1)],
 [(3, 1),
  (5, 1),
  (42, 1),
  (43, 1),
  (47, 1),
  (60, 1),
  (107, 1),
  (108, 1),
  (152, 1)],
 [(0, 1), (3, 1), (5, 1), (49, 1), (101, 2), (153, 1)],
 [(3, 1),
  (5, 1),
  (8, 1),
  (42, 1),
  (54, 1),
  (85, 1),
  (90, 1),
  (95, 1),
  (111, 1),
  (112, 1),
  (113, 1)],
 [(3, 1),
  (87, 1),
  (154, 1),
  (155, 1),
  (156, 1),
  (157, 1),
  (158, 1),
  (159, 1),
  (160, 1),
  (161, 1)],
 [(3, 1),
  (5, 1),
  (41, 1),
  (42, 1),
  (43, 1),
  (47, 1),
  (60, 1),
  (91, 1),
  (146, 1),
  (147, 1),
  (152, 1)],
 [(3, 1), (5, 1), (8, 1), (24, 1), (33, 1), (63, 1), (111, 1), (162, 2)],
 [(3, 1), (4, 1), (5, 1), (42, 1), (80, 1), (111, 1), (141, 1), (151, 1)],
 [(3, 1),
  (51, 1),
  (125, 1),
  (157, 1),
  (158, 1),
  (159, 1),
  (163, 1),
  (164, 1),
  (165, 1),
  (166, 1),
  (167, 1)],
 [(3, 1), (5, 1), (21, 1), (23, 1), (42, 1), (115, 1)],
 [(3, 1),
  (44, 1),
  (87, 2),
  (158, 1),
  (159, 1),
  (165, 1),
  (167, 1),
  (168, 1),
  (169, 1)],
 [(0, 1), (3, 1), (5, 1), (49, 1), (101, 2)],
 [(0, 1), (3, 1), (49, 1), (51, 2), (117, 1), (170, 1), (171, 1)],
 [(3, 1), (47, 1), (87, 2), (156, 1), (157, 1), (159, 1), (172, 1)],
 [(3, 1),
  (45, 1),
  (47, 1),
  (51, 1),
  (87, 2),
  (157, 1),
  (159, 1),
  (165, 1),
  (167, 1),
  (172, 1)],
 [(3, 1),
  (5, 1),
  (42, 1),
  (47, 1),
  (60, 1),
  (92, 2),
  (111, 1),
  (135, 1),
  (136, 1),
  (173, 1)],
 [(0, 1), (3, 1), (5, 1), (49, 1), (87, 2), (102, 1)],
 [(3, 1), (5, 1), (11, 1), (42, 1), (111, 1), (151, 1)],
 [(3, 1),
  (44, 1),
  (87, 2),
  (156, 1),
  (159, 1),
  (160, 1),
  (161, 1),
  (172, 1),
  (174, 1)],
 [(3, 1),
  (44, 1),
  (158, 1),
  (159, 1),
  (161, 1),
  (164, 1),
  (167, 1),
  (168, 2),
  (175, 1)],
 [(3, 1),
  (5, 1),
  (8, 1),
  (33, 1),
  (42, 1),
  (76, 1),
  (111, 1),
  (131, 1),
  (163, 1)],
 [(3, 1),
  (87, 1),
  (101, 2),
  (159, 1),
  (160, 1),
  (165, 1),
  (168, 1),
  (169, 1),
  (176, 1)],
 [(3, 1), (5, 1), (24, 1), (33, 1), (111, 1), (120, 2), (177, 1)],
 [(3, 1), (5, 1), (11, 1), (32, 1), (42, 1), (76, 1), (111, 1), (162, 2)],
 [(3, 1),
  (87, 1),
  (156, 1),
  (159, 1),
  (160, 1),
  (161, 1),
  (168, 2),
  (172, 1),
  (174, 1)],
 [(3, 1),
  (44, 1),
  (45, 1),
  (47, 1),
  (51, 1),
  (157, 1),
  (159, 1),
  (165, 1),
  (167, 1),
  (168, 1),
  (178, 1),
  (179, 1)],
 [(0, 1), (3, 1), (5, 1), (49, 1), (87, 2), (153, 1)],
 [(3, 1),
  (45, 1),
  (51, 1),
  (159, 1),
  (161, 1),
  (167, 1),
  (168, 2),
  (175, 1),
  (180, 1)],
 [(3, 1),
  (51, 1),
  (87, 2),
  (156, 1),
  (159, 1),
  (161, 1),
  (167, 1),
  (176, 1),
  (181, 1)],
 [(3, 1),
  (44, 1),
  (125, 1),
  (159, 1),
  (165, 1),
  (167, 1),
  (168, 1),
  (182, 1),
  (183, 1),
  (184, 1)],
 [(3, 1),
  (44, 1),
  (47, 1),
  (51, 1),
  (159, 1),
  (164, 1),
  (165, 1),
  (167, 1),
  (168, 1),
  (176, 1),
  (181, 1)],
 [(3, 1), (5, 1), (40, 1), (42, 1), (43, 1), (142, 1), (147, 1)],
 [(3, 1),
  (5, 1),
  (11, 1),
  (32, 1),
  (34, 1),
  (42, 1),
  (111, 1),
  (141, 1),
  (144, 1)],
 [(3, 1),
  (5, 1),
  (8, 1),
  (42, 1),
  (85, 1),
  (111, 1),
  (112, 1),
  (113, 1),
  (118, 1)],
 [(0, 1), (3, 1), (44, 1), (46, 1), (47, 1), (49, 1), (88, 1), (125, 1)],
 [(3, 1),
  (44, 1),
  (47, 1),
  (107, 1),
  (154, 1),
  (156, 1),
  (159, 1),
  (161, 1),
  (167, 1),
  (175, 1),
  (185, 1)],
 [(3, 1),
  (5, 1),
  (42, 1),
  (47, 1),
  (60, 1),
  (82, 1),
  (97, 1),
  (173, 1),
  (186, 1),
  (187, 1),
  (188, 1)],
 [(3, 1),
  (44, 1),
  (47, 1),
  (60, 1),
  (87, 1),
  (155, 1),
  (159, 1),
  (160, 1),
  (165, 1),
  (168, 1),
  (179, 1),
  (189, 1)],
 [(0, 1), (3, 1), (47, 1), (49, 1), (51, 1), (87, 1), (171, 1), (190, 1)],
 [(3, 1), (5, 1), (11, 1), (19, 1), (42, 1), (111, 1), (131, 1), (191, 1)],
 [(3, 1),
  (45, 1),
  (47, 1),
  (51, 1),
  (87, 1),
  (156, 1),
  (159, 1),
  (160, 1),
  (161, 1),
  (192, 1),
  (193, 1)],
 [(3, 1),
  (5, 1),
  (11, 1),
  (42, 1),
  (47, 1),
  (56, 1),
  (66, 1),
  (186, 1),
  (187, 1),
  (188, 1)],
 [(3, 1), (5, 1), (18, 2), (42, 1), (188, 1)],
 [(0, 1), (3, 1), (5, 1), (49, 1), (87, 2), (194, 1)],
 [(3, 1),
  (45, 1),
  (87, 1),
  (156, 1),
  (159, 1),
  (160, 1),
  (161, 1),
  (175, 1),
  (182, 1),
  (195, 1)],
 [(3, 1),
  (87, 1),
  (159, 1),
  (160, 1),
  (165, 1),
  (168, 1),
  (175, 1),
  (182, 2),
  (195, 1)],
 [(3, 1),
  (44, 1),
  (45, 1),
  (47, 1),
  (159, 1),
  (161, 1),
  (163, 1),
  (167, 1),
  (168, 1),
  (176, 1),
  (196, 1)],
 [(3, 1),
  (22, 1),
  (51, 2),
  (159, 1),
  (166, 1),
  (178, 1),
  (179, 1),
  (192, 1),
  (193, 1)],
 [(0, 1), (3, 1), (46, 1), (49, 1), (87, 2)],
 [(3, 1), (5, 1), (26, 2), (42, 1), (188, 1), (197, 1)],
 [(3, 1),
  (5, 1),
  (11, 1),
  (33, 1),
  (42, 1),
  (111, 1),
  (140, 2),
  (177, 1),
  (191, 1)],
 [(3, 1),
  (44, 1),
  (45, 1),
  (47, 1),
  (156, 1),
  (159, 1),
  (161, 1),
  (167, 1),
  (168, 1),
  (198, 1),
  (199, 1)],
 [(3, 1),
  (44, 1),
  (101, 1),
  (156, 1),
  (159, 1),
  (161, 1),
  (167, 1),
  (176, 1),
  (182, 1),
  (183, 1)],
 [(0, 1), (3, 1), (5, 1), (49, 1), (87, 2), (122, 1), (123, 1), (124, 1)],
 [(0, 1), (3, 1), (5, 1), (49, 1), (51, 2), (129, 1), (194, 1)],
 [(3, 1),
  (44, 1),
  (47, 1),
  (156, 1),
  (159, 1),
  (161, 1),
  (164, 1),
  (167, 1),
  (168, 1),
  (181, 1),
  (200, 1)],
 [(3, 1),
  (44, 2),
  (45, 1),
  (47, 1),
  (51, 1),
  (60, 1),
  (158, 1),
  (159, 1),
  (165, 1),
  (167, 1),
  (181, 1)],
 [(0, 1), (3, 1), (47, 1), (49, 1), (87, 1), (125, 1), (190, 1)],
 [(3, 1),
  (51, 2),
  (159, 1),
  (164, 1),
  (165, 1),
  (167, 1),
  (168, 1),
  (201, 1),
  (202, 1)],
 [(3, 1), (81, 1), (187, 1), (188, 1), (203, 2), (204, 1)],
 [(3, 1),
  (87, 1),
  (154, 1),
  (156, 1),
  (159, 1),
  (160, 1),
  (165, 1),
  (168, 1),
  (181, 1),
  (184, 1)],
 [(3, 1),
  (44, 1),
  (47, 1),
  (156, 2),
  (159, 1),
  (161, 1),
  (167, 1),
  (169, 1),
  (182, 1),
  (200, 1)],
 [(3, 1),
  (44, 1),
  (47, 1),
  (156, 1),
  (159, 1),
  (164, 1),
  (165, 1),
  (167, 1),
  (168, 1),
  (169, 1),
  (200, 1)],
 [(3, 1),
  (47, 1),
  (87, 3),
  (159, 1),
  (160, 1),
  (165, 1),
  (168, 1),
  (172, 1),
  (178, 1),
  (179, 1)],
 [(3, 1),
  (44, 1),
  (45, 1),
  (47, 1),
  (159, 1),
  (163, 1),
  (165, 1),
  (167, 1),
  (182, 1),
  (183, 1),
  (200, 1)],
 [(0, 1), (3, 1), (5, 1), (49, 1), (88, 1), (101, 2), (126, 1)],
 [(3, 1),
  (5, 1),
  (11, 1),
  (22, 1),
  (25, 1),
  (30, 2),
  (186, 1),
  (188, 1),
  (197, 1)],
 [(3, 1), (45, 1), (47, 1), (87, 1), (159, 1), (160, 1), (165, 1), (168, 2)],
 [(3, 1),
  (44, 1),
  (125, 1),
  (156, 1),
  (159, 1),
  (161, 1),
  (167, 1),
  (168, 1),
  (180, 1),
  (196, 1)],
 [(3, 1),
  (45, 1),
  (47, 1),
  (87, 1),
  (159, 1),
  (160, 1),
  (165, 1),
  (168, 2),
  (169, 1),
  (175, 1)],
 [(3, 1),
  (44, 1),
  (45, 1),
  (47, 1),
  (159, 1),
  (164, 1),
  (165, 1),
  (167, 1),
  (169, 1),
  (175, 1),
  (182, 1)],
 [(3, 1),
  (45, 1),
  (47, 1),
  (51, 1),
  (125, 1),
  (157, 1),
  (159, 1),
  (165, 1),
  (167, 1),
  (182, 1),
  (205, 1)],
 [(3, 1),
  (44, 1),
  (51, 1),
  (87, 1),
  (159, 1),
  (165, 1),
  (167, 1),
  (168, 1),
  (176, 1),
  (185, 1)],
 [(3, 1),
  (45, 1),
  (47, 1),
  (51, 1),
  (87, 1),
  (156, 1),
  (159, 1),
  (161, 1),
  (167, 1),
  (181, 1),
  (195, 1)],
 [(3, 1),
  (87, 1),
  (156, 1),
  (159, 1),
  (160, 1),
  (163, 1),
  (165, 1),
  (176, 1),
  (180, 1),
  (182, 1)],
 [(3, 1),
  (45, 2),
  (51, 1),
  (159, 1),
  (165, 1),
  (167, 1),
  (168, 1),
  (174, 1),
  (198, 1)],
 [(0, 1), (3, 1), (44, 1), (49, 1), (87, 1)],
 [(3, 1),
  (45, 2),
  (47, 1),
  (51, 1),
  (157, 1),
  (159, 1),
  (161, 1),
  (167, 1),
  (168, 1),
  (202, 1)],
 [(3, 1),
  (44, 1),
  (47, 1),
  (156, 1),
  (159, 1),
  (161, 1),
  (167, 1),
  (168, 2),
  (183, 1),
  (196, 1)],
 [(3, 1),
  (45, 1),
  (47, 1),
  (87, 1),
  (159, 1),
  (160, 1),
  (164, 1),
  (165, 1),
  (168, 1),
  (183, 1),
  (196, 1)],
 [(3, 1),
  (44, 2),
  (45, 1),
  (47, 1),
  (51, 1),
  (159, 1),
  (165, 1),
  (167, 1),
  (169, 1),
  (184, 1)],
 [(3, 1), (81, 1), (121, 1), (134, 1), (188, 1), (197, 1), (204, 1)],
 [(3, 1),
  (44, 1),
  (47, 1),
  (51, 1),
  (60, 1),
  (159, 1),
  (161, 1),
  (163, 1),
  (167, 1),
  (168, 1),
  (179, 1),
  (180, 1),
  (189, 1)],
 [(3, 1),
  (47, 1),
  (51, 1),
  (87, 1),
  (159, 1),
  (165, 1),
  (167, 1),
  (168, 1),
  (169, 1),
  (181, 1),
  (182, 1)],
 [(3, 1),
  (47, 1),
  (51, 1),
  (125, 1),
  (159, 1),
  (165, 1),
  (167, 1),
  (168, 1),
  (182, 1),
  (184, 1),
  (185, 1)],
 [(3, 1),
  (44, 1),
  (87, 2),
  (159, 1),
  (160, 1),
  (165, 1),
  (168, 1),
  (201, 1),
  (206, 1)],
 [(3, 1), (44, 1), (49, 1), (87, 1), (89, 2), (207, 1)],
 [(3, 1),
  (22, 1),
  (44, 1),
  (45, 1),
  (47, 1),
  (60, 1),
  (87, 1),
  (159, 1),
  (176, 1),
  (185, 1)],
 [(3, 1),
  (87, 1),
  (156, 2),
  (159, 1),
  (160, 1),
  (161, 1),
  (168, 1),
  (180, 1),
  (208, 1)],
 [(3, 1),
  (44, 3),
  (47, 1),
  (159, 1),
  (161, 1),
  (167, 1),
  (168, 1),
  (178, 1),
  (179, 1),
  (196, 1)],
 [(0, 1), (3, 1), (44, 1), (49, 1), (87, 1)],
 [(3, 1),
  (47, 1),
  (51, 1),
  (154, 1),
  (156, 1),
  (159, 1),
  (163, 1),
  (165, 1),
  (167, 1),
  (176, 1),
  (206, 1)],
 [(3, 1),
  (45, 1),
  (47, 1),
  (87, 1),
  (156, 1),
  (159, 1),
  (160, 1),
  (161, 1),
  (168, 1),
  (176, 1),
  (206, 1)],
 [(3, 1),
  (87, 1),
  (159, 1),
  (160, 1),
  (161, 1),
  (164, 1),
  (168, 1),
  (179, 1),
  (182, 1),
  (189, 1),
  (205, 1)],
 [(3, 1), (5, 1), (21, 1), (23, 1), (42, 1), (47, 1), (60, 1), (203, 1)],
 [(3, 1),
  (44, 1),
  (156, 1),
  (159, 1),
  (161, 1),
  (163, 1),
  (167, 1),
  (168, 1),
  (199, 1)],
 [(3, 1),
  (44, 1),
  (47, 1),
  (60, 1),
  (87, 2),
  (159, 1),
  (160, 1),
  (161, 1),
  (168, 1),
  (175, 1),
  (185, 1)],
 [(0, 1), (3, 1), (5, 1), (49, 1), (51, 2), (116, 1)],
 [(0, 1), (3, 1), (47, 1), (48, 1), (49, 1), (51, 1), (164, 1), (170, 1)],
 [(3, 1),
  (47, 1),
  (51, 1),
  (87, 1),
  (156, 1),
  (159, 1),
  (161, 1),
  (164, 1),
  (167, 1),
  (176, 1),
  (195, 1)],
 [(3, 1),
  (44, 2),
  (45, 1),
  (47, 1),
  (87, 1),
  (159, 1),
  (160, 1),
  (165, 1),
  (172, 1),
  (201, 1)],
 [(3, 1), (22, 1), (25, 1), (51, 2)],
 [(3, 1),
  (45, 1),
  (87, 1),
  (156, 1),
  (159, 1),
  (160, 1),
  (165, 1),
  (182, 1),
  (185, 1),
  (201, 1)],
 [(3, 1),
  (87, 1),
  (125, 1),
  (159, 1),
  (160, 1),
  (165, 1),
  (168, 1),
  (169, 1),
  (182, 1),
  (208, 1)],
 [(3, 1),
  (44, 1),
  (125, 1),
  (159, 1),
  (165, 1),
  (167, 1),
  (168, 1),
  (169, 1),
  (182, 1),
  (208, 1)],
 [(209, 2), (210, 2), (211, 1), (212, 1), (213, 1), (214, 1)],
 [(214, 1), (215, 1), (216, 1), (217, 1), (218, 1)],
 [],
 [(219, 1), (220, 1), (221, 1), (222, 1)],
 [],
 [(223, 1), (224, 1), (225, 1)],
 [(211, 1),
  (214, 1),
  (226, 1),
  (227, 1),
  (228, 1),
  (229, 1),
  (230, 1),
  (231, 1),
  (232, 1),
  (233, 1)],
 [(234, 1), (235, 1)],
 [(236, 1), (237, 1), (238, 1), (239, 1), (240, 1), (241, 1)],
 [(214, 2), (242, 1), (243, 1), (244, 1), (245, 1), (246, 1), (247, 1)],
 [(219, 1), (220, 1), (222, 1), (248, 1)],
 [],
 [],
 [],
 [(209, 1),
  (213, 1),
  (214, 2),
  (218, 1),
  (249, 1),
  (250, 2),
  (251, 1),
  (252, 1),
  (253, 1),
  (254, 1),
  (255, 1),
  (256, 1)],
 [(214, 1)],
 [(239, 1), (257, 1), (258, 1), (259, 1), (260, 1)],
 [(223, 2), (261, 1), (262, 1), (263, 1)],
 [(189, 1)],
 [(214, 1), (223, 1), (264, 1), (265, 1), (266, 1), (267, 1), (268, 1)],
 [],
 [(212, 1),
  (214, 1),
  (218, 1),
  (251, 1),
  (269, 1),
  (270, 1),
  (271, 1),
  (272, 1)],
 [(241, 1), (273, 1)],
 [(214, 1), (264, 1), (274, 1), (275, 1), (276, 1), (277, 1)],
 [],
 [(278, 1)],
 [(214, 1), (279, 1), (280, 1), (281, 1)],
 [(282, 1)],
 [(250, 1), (263, 1), (283, 1), (284, 1)],
 [],
 [(241, 1), (285, 1), (286, 1)],
 [(213, 1), (214, 1), (241, 1), (286, 1)],
 [(287, 1), (288, 1)],
 [(214, 1), (274, 1), (289, 1), (290, 1)],
 [(252, 1), (254, 1)],
 [(214, 1), (264, 1), (274, 1), (275, 1), (276, 1), (277, 1)],
 [(213, 1), (214, 2), (218, 1), (251, 1), (264, 1), (291, 1), (292, 1)],
 [(293, 2)],
 [(214, 1), (218, 1), (264, 1), (294, 1), (295, 1)],
 [(239, 1), (246, 1), (284, 1), (296, 1)],
 [(297, 1), (298, 2)],
 [(299, 1)],
 [(214, 2), (218, 1), (300, 1), (301, 1), (302, 2)],
 [(241, 1), (303, 1), (304, 1), (305, 1), (306, 1), (307, 1), (308, 1)],
 [(241, 1), (273, 1), (309, 1)],
 [(223, 1),
  (232, 1),
  (289, 1),
  (310, 1),
  (311, 1),
  (312, 1),
  (313, 1),
  (314, 1)],
 [(214, 1), (264, 1), (285, 1), (315, 1), (316, 1)],
 [(211, 1), (311, 1), (317, 1)],
 [(213, 1), (214, 2), (218, 1), (264, 1), (318, 1)],
 [(214, 1), (319, 1)],
 [(210, 1), (320, 1)],
 [(282, 1)],
 [(239, 1), (257, 1), (258, 1), (259, 1), (260, 1)],
 [(214, 1), (274, 1), (321, 1)],
 [(223, 1), (224, 1), (225, 1)],
 [(270, 1), (322, 1)],
 [(241, 1), (307, 1), (323, 1), (324, 1), (325, 1)],
 [(223, 1), (224, 1), (225, 1)],
 [(223, 1), (224, 1), (225, 1)],
 [(149, 1),
  (326, 1),
  (327, 1),
  (328, 1),
  (329, 1),
  (330, 2),
  (331, 2),
  (332, 1)],
 [(241, 1), (333, 1), (334, 1)],
 [(241, 1), (273, 1), (335, 1)],
 [(336, 1), (337, 1)],
 [(210, 1), (214, 1), (216, 1), (233, 1), (338, 1)],
 [(214, 1), (219, 1), (264, 1), (339, 1)],
 [(241, 1), (333, 1)],
 [(214, 1), (238, 1), (340, 1)],
 [(241, 1), (333, 1), (334, 1)],
 [(214, 1), (320, 1), (321, 1)],
 [(341, 1), (342, 1)],
 [(236, 1), (237, 1), (238, 1), (239, 1), (240, 1), (241, 1)],
 [(214, 1), (279, 1), (280, 1), (281, 1)],
 [(210, 1), (214, 1), (216, 1), (233, 1), (338, 1)],
 [(220, 1), (343, 1)],
 [],
 [(344, 1)],
 [(214, 1), (283, 1), (345, 1), (346, 1)],
 [(213, 1),
  (214, 1),
  (218, 1),
  (249, 1),
  (251, 1),
  (264, 1),
  (270, 1),
  (300, 1)],
 [(22, 1), (215, 1), (326, 1), (327, 1), (347, 1)],
 [(241, 1), (333, 1), (334, 1)],
 [(214, 1), (241, 1)],
 [(213, 1), (214, 2), (218, 1), (251, 1), (264, 1), (291, 1), (292, 1)],
 [],
 [(214, 1), (247, 1), (321, 1), (348, 1)],
 [(214, 1), (276, 1), (343, 1)],
 [(214, 1), (283, 1), (290, 1), (349, 1), (350, 1), (351, 1), (352, 1)],
 [(327, 1)],
 [(209, 1), (214, 1), (243, 1), (351, 1), (353, 1), (354, 1)],
 [(214, 1), (220, 1), (355, 1)],
 [(287, 1), (288, 1)],
 [(356, 1)],
 [(160, 1),
  (214, 1),
  (220, 1),
  (325, 1),
  (343, 1),
  (346, 1),
  (357, 1),
  (358, 1)],
 [(213, 1), (214, 2), (218, 1), (251, 1), (264, 1), (291, 1), (292, 1)],
 [],
 [(359, 1), (360, 1)],
 [(214, 1), (321, 1), (335, 1), (351, 1)],
 [(241, 1)],
 [(214, 1)],
 [(311, 1), (327, 1), (330, 1), (361, 1)],
 [(214, 1), (225, 1), (274, 1), (335, 1)],
 [(233, 1), (270, 1), (300, 1)],
 [(341, 1), (342, 1)],
 [(214, 1), (322, 1), (362, 1)],
 [(160, 1),
  (214, 1),
  (220, 1),
  (325, 1),
  (343, 1),
  (346, 1),
  (357, 1),
  (358, 1)],
 [(214, 1), (363, 1)],
 [(364, 1)],
 [(239, 1)],
 [(233, 1), (266, 1), (356, 1)],
 [],
 [(297, 1), (340, 1), (345, 1), (365, 1)],
 [(223, 1),
  (232, 1),
  (289, 1),
  (310, 1),
  (311, 1),
  (312, 1),
  (313, 1),
  (314, 1)],
 [(213, 1), (366, 1)],
 [(269, 1), (270, 1), (311, 1), (340, 1), (346, 1)],
 [(336, 1), (337, 1)],
 [(239, 1), (241, 2), (367, 1)],
 [(241, 1)],
 [(264, 1), (284, 1)],
 [(214, 1), (239, 1), (368, 1)],
 [],
 [(241, 1), (273, 1), (309, 1)],
 [(359, 1), (360, 1)],
 [(214, 2), (241, 1), (318, 1), (322, 1)],
 [(214, 1), (218, 1), (264, 1), (294, 1), (295, 1)],
 [(336, 1), (337, 1)],
 [(223, 2),
  (261, 1),
  (263, 1),
  (327, 1),
  (330, 1),
  (347, 1),
  (361, 1),
  (369, 2)],
 [(214, 1), (239, 1), (241, 1)],
 [(210, 1), (214, 1), (216, 1), (233, 1), (338, 1)],
 [(214, 1), (322, 1), (362, 1)],
 [(278, 1)],
 [(222, 1), (368, 1), (370, 1), (371, 1)],
 [(351, 1), (353, 1)],
 [(323, 1)],
 [(214, 1), (372, 1)],
 [(373, 1)],
 [(214, 1), (283, 1), (290, 1), (349, 1), (350, 1), (351, 1), (352, 1)],
 [(211, 1), (311, 1), (317, 1)],
 [(241, 1), (374, 1), (375, 1), (376, 1)],
 [(214, 2), (377, 1)],
 [(209, 1), (214, 1), (284, 1), (378, 1)],
 [(270, 1)],
 [(214, 1), (268, 1), (325, 1)],
 [(213, 1),
  (214, 1),
  (218, 1),
  (249, 1),
  (251, 1),
  (264, 1),
  (270, 1),
  (300, 1)],
 [(220, 1), (262, 1), (343, 1), (379, 1)],
 [(189, 1)],
 [(263, 1), (327, 1), (328, 1), (329, 1), (330, 2), (347, 1)],
 [(316, 1)],
 [(214, 1), (220, 1)],
 [(344, 1)],
 [(282, 1)],
 [(336, 1), (337, 1)],
 [(214, 1), (263, 1)],
 [(214, 2), (242, 1), (243, 1), (244, 1), (245, 1), (246, 1), (247, 1)],
 [(209, 1), (241, 1), (256, 1), (273, 1), (284, 1)],
 [(222, 1), (368, 1), (370, 1), (371, 1)],
 [(223, 1), (235, 1), (264, 1), (270, 1), (380, 1)],
 [(214, 1), (233, 1), (263, 1)],
 [(160, 1),
  (214, 1),
  (220, 1),
  (325, 1),
  (343, 1),
  (346, 1),
  (357, 1),
  (358, 1)],
 [(351, 1), (353, 1)],
 [(239, 1), (257, 1), (258, 1), (259, 1), (260, 1)],
 [(223, 1), (235, 1), (264, 1), (270, 1), (380, 1)],
 [(241, 1), (374, 1), (375, 1), (376, 1)],
 [(241, 1), (303, 1), (304, 1), (305, 1), (306, 1), (307, 1), (308, 1)],
 [(215, 1),
  (223, 1),
  (326, 1),
  (327, 1),
  (329, 1),
  (330, 1),
  (347, 1),
  (381, 1)],
 [(241, 1), (248, 1)],
 [(214, 2), (268, 1), (284, 1)],
 [(214, 1), (264, 1), (268, 1)],
 [(241, 1), (273, 1), (309, 1)],
 [(209, 1),
  (213, 1),
  (214, 2),
  (218, 1),
  (249, 1),
  (250, 2),
  (251, 1),
  (252, 1),
  (253, 1),
  (254, 1),
  (255, 1),
  (256, 1)],
 [(214, 1), (256, 1), (300, 1), (382, 1)],
 [(223, 1), (224, 1), (225, 1)],
 [(214, 1), (220, 1), (284, 1), (383, 1)],
 [],
 [(241, 1), (273, 1), (278, 1)],
 [(373, 1)],
 [(241, 1), (273, 1), (309, 1)],
 [(213, 1),
  (214, 1),
  (218, 1),
  (251, 1),
  (270, 1),
  (300, 1),
  (384, 1),
  (385, 1)],
 [(364, 1)],
 [(214, 1), (283, 1), (290, 1), (349, 1), (350, 1), (351, 1), (352, 1)],
 [(241, 1), (273, 1), (278, 1)],
 [(211, 1),
  (214, 1),
  (226, 1),
  (227, 1),
  (228, 1),
  (229, 1),
  (230, 1),
  (231, 1),
  (232, 1),
  (233, 1)],
 [(239, 1), (246, 1), (284, 1), (296, 1)],
 [(327, 1)],
 [(209, 1), (214, 1), (284, 1), (378, 1)],
 [(214, 1), (220, 1), (241, 1), (243, 1), (284, 1), (367, 1)],
 [(386, 1)],
 [(239, 1), (257, 1), (258, 1), (259, 1), (260, 1)],
 [(297, 1), (340, 1), (345, 1), (365, 1)],
 [(222, 1), (368, 1), (370, 1), (371, 1)],
 [(214, 1), (264, 1), (274, 1), (275, 1), (276, 1), (277, 1)],
 [],
 [(209, 1), (214, 1), (284, 1), (378, 1)],
 [(220, 1), (222, 1), (284, 1), (383, 1)],
 [],
 [(241, 1), (342, 1)],
 [(214, 1), (363, 1)],
 [(214, 1), (264, 1), (343, 1), (377, 1), (387, 1)],
 [(239, 1), (379, 1)],
 [(241, 1), (385, 1), (388, 1)],
 [(214, 1), (232, 1), (233, 1), (241, 1), (273, 1)],
 [(214, 1), (246, 1)],
 [(101, 1),
  (125, 1),
  (389, 1),
  (390, 1),
  (391, 1),
  (392, 1),
  (393, 1),
  (394, 1),
  (395, 1),
  (396, 1),
  (397, 1),
  (398, 1),
  (399, 1),
  (400, 1),
  (401, 4),
  (402, 2)],
 [(45, 1),
  (401, 3),
  (402, 2),
  (403, 1),
  (404, 1),
  (405, 1),
  (406, 1),
  (407, 1),
  (408, 1),
  (409, 1),
  (410, 1),
  (411, 1),
  (412, 1),
  (413, 1)],
 [(51, 1),
  (401, 3),
  (402, 2),
  (414, 1),
  (415, 1),
  (416, 1),
  (417, 1),
  (418, 1),
  (419, 1),
  (420, 1),
  (421, 1),
  (422, 1),
  (423, 1)],
 [(182, 1),
  (401, 3),
  (402, 2),
  (411, 1),
  (422, 1),
  (424, 1),
  (425, 1),
  (426, 1),
  (427, 1),
  (428, 1),
  (429, 1),
  (430, 1),
  (431, 1),
  (432, 1)],
 [(51, 1),
  (392, 1),
  (401, 3),
  (402, 2),
  (425, 1),
  (432, 1),
  (433, 1),
  (434, 1),
  (435, 1),
  (436, 1),
  (437, 1),
  (438, 1),
  (439, 1),
  (440, 1),
  (441, 1),
  (442, 1)],
 [(125, 1),
  (234, 1),
  (401, 3),
  (402, 2),
  (429, 1),
  (431, 1),
  (434, 1),
  (440, 1),
  (443, 1),
  (444, 1),
  (445, 1),
  (446, 1),
  (447, 1),
  (448, 1),
  (449, 1)],
 [(182, 1),
  (401, 3),
  (402, 2),
  (426, 1),
  (450, 1),
  (451, 1),
  (452, 1),
  (453, 1),
  (454, 1),
  (455, 1),
  (456, 1),
  (457, 1),
  (458, 1),
  (459, 1),
  (460, 1)],
 [(51, 1),
  (391, 1),
  (395, 1),
  (401, 4),
  (402, 2),
  (411, 1),
  (424, 1),
  (449, 1),
  (461, 1),
  (462, 1),
  (463, 1),
  (464, 1),
  (465, 1),
  (466, 1),
  (467, 1),
  (468, 1)],
 [(168, 1),
  (299, 1),
  (386, 1),
  (396, 1),
  (401, 3),
  (402, 2),
  (413, 1),
  (414, 1),
  (416, 1),
  (442, 1),
  (469, 1),
  (470, 1),
  (471, 1),
  (472, 1),
  (473, 1)],
 [(164, 1),
  (396, 1),
  (401, 4),
  (402, 2),
  (406, 1),
  (448, 2),
  (451, 1),
  (454, 1),
  (460, 1),
  (462, 1),
  (474, 1),
  (475, 1),
  (476, 1)],
 [(101, 1),
  (234, 1),
  (401, 3),
  (402, 2),
  (434, 1),
  (445, 1),
  (448, 1),
  (449, 1),
  (477, 1),
  (478, 1),
  (479, 1),
  (480, 1),
  (481, 1),
  (482, 1)],
 [(101, 1),
  (164, 1),
  (396, 1),
  (398, 1),
  (401, 4),
  (402, 2),
  (422, 1),
  (483, 1),
  (484, 1),
  (485, 1),
  (486, 1),
  (487, 1),
  (488, 1),
  (489, 1),
  (490, 1),
  (491, 1)],
 [(168, 1),
  (192, 1),
  (299, 1),
  (396, 1),
  (401, 4),
  (402, 2),
  (451, 1),
  (469, 1),
  (492, 1),
  (493, 1),
  (494, 1),
  (495, 1),
  (496, 1),
  (497, 1)],
 [(182, 1),
  (391, 1),
  (401, 4),
  (402, 2),
  (498, 1),
  (499, 1),
  (500, 1),
  (501, 1),
  (502, 1),
  (503, 1),
  (504, 1),
  (505, 1),
  (506, 1)],
 [(161, 1),
  (168, 1),
  (239, 1),
  (391, 1),
  (392, 1),
  (401, 3),
  (402, 2),
  (458, 1),
  (487, 1),
  (488, 1),
  (489, 1),
  (507, 1),
  (508, 1),
  (509, 1),
  (510, 1),
  (511, 1),
  (512, 1)],
 [(168, 1),
  (391, 1),
  (395, 1),
  (401, 4),
  (402, 2),
  (432, 1),
  (453, 1),
  (484, 1),
  (486, 1),
  (502, 1),
  (513, 1),
  (514, 1),
  (515, 1),
  (516, 1),
  (517, 1),
  (518, 1)],
 [(101, 1),
  (401, 3),
  (402, 2),
  (411, 1),
  (426, 1),
  (453, 1),
  (484, 1),
  (486, 1),
  (519, 1),
  (520, 1),
  (521, 1),
  (522, 1),
  (523, 1),
  (524, 1)],
 [(168, 1),
  (228, 1),
  (262, 1),
  (390, 1),
  (393, 1),
  (400, 1),
  (401, 4),
  (402, 2),
  (474, 1),
  (525, 1),
  (526, 1),
  (527, 1),
  (528, 1),
  (529, 1),
  (530, 1),
  (531, 1),
  (532, 1)],
 [(182, 1),
  (401, 4),
  (402, 2),
  (422, 1),
  (423, 1),
  (432, 1),
  (496, 1),
  (501, 1),
  (504, 1),
  (506, 1),
  (527, 1),
  (533, 1),
  (534, 1),
  (535, 1),
  (536, 1),
  (537, 1),
  (538, 1)],
 [(101, 1),
  (270, 1),
  (351, 1),
  (391, 1),
  (401, 3),
  (402, 2),
  (425, 1),
  (434, 1),
  (449, 1),
  (455, 1),
  (457, 1),
  (539, 1),
  (540, 1),
  (541, 1),
  (542, 1)],
 [(168, 1),
  (192, 1),
  (270, 1),
  (358, 1),
  (392, 1),
  (401, 3),
  (402, 2),
  (433, 1),
  (440, 1),
  (494, 1),
  (516, 1),
  (543, 1),
  (544, 1),
  (545, 1),
  (546, 1),
  (547, 1)],
 [(168, 1),
  (228, 1),
  (239, 1),
  (390, 1),
  (393, 1),
  (400, 1),
  (401, 3),
  (402, 2),
  (412, 1),
  (444, 1),
  (548, 1),
  (549, 1),
  (550, 1),
  (551, 1),
  (552, 1),
  (553, 1),
  (554, 1)],
 [(125, 1),
  (270, 1),
  (401, 3),
  (402, 2),
  (435, 1),
  (440, 1),
  (441, 1),
  (442, 1),
  (446, 1),
  (496, 1),
  (503, 1),
  (544, 1),
  (545, 1),
  (555, 1),
  (556, 1)],
 [(168, 1),
  (390, 1),
  (393, 1),
  (400, 1),
  (401, 3),
  (402, 2),
  (412, 1),
  (516, 1),
  (535, 1),
  (557, 1),
  (558, 1),
  (559, 1),
  (560, 1),
  (561, 1),
  (562, 1)],
 [(45, 1),
  (101, 1),
  (349, 1),
  (401, 5),
  (402, 2),
  (422, 1),
  (448, 1),
  (456, 1),
  (465, 1),
  (479, 1),
  (497, 1),
  (563, 1),
  (564, 1),
  (565, 1),
  (566, 1),
  (567, 1),
  (568, 1),
  (569, 1)],
 [(51, 1),
  (391, 1),
  (395, 1),
  (401, 4),
  (402, 2),
  (432, 1),
  (514, 1),
  (525, 1),
  (527, 1),
  (543, 1),
  (547, 1),
  (570, 1),
  (571, 1)],
 [(51, 2),
  (349, 1),
  (392, 1),
  (401, 3),
  (402, 2),
  (405, 1),
  (411, 1),
  (420, 1),
  (434, 1),
  (535, 1),
  (565, 1),
  (569, 1),
  (570, 1),
  (572, 1),
  (573, 1)],
 [(101, 1),
  (125, 1),
  (389, 1),
  (399, 1),
  (401, 4),
  (402, 2),
  (429, 1),
  (431, 1),
  (434, 1),
  (448, 1),
  (458, 1),
  (484, 1),
  (503, 1),
  (574, 1),
  (575, 1),
  (576, 1)],
 [(156, 1),
  (228, 1),
  (262, 1),
  (300, 1),
  (401, 2),
  (402, 2),
  (577, 1),
  (578, 1),
  (579, 1),
  (580, 1),
  (581, 1),
  (582, 1),
  (583, 1)],
 [(101, 1),
  (401, 4),
  (402, 2),
  (412, 1),
  (427, 1),
  (434, 1),
  (443, 1),
  (477, 1),
  (513, 1),
  (584, 1),
  (585, 1),
  (586, 1),
  (587, 1),
  (588, 1),
  (589, 1)],
 [(125, 1),
  (164, 1),
  (389, 1),
  (399, 1),
  (401, 4),
  (402, 2),
  (412, 1),
  (466, 1),
  (540, 1),
  (551, 1),
  (562, 1),
  (573, 1),
  (590, 1),
  (591, 1)],
 [(51, 1),
  (270, 1),
  (401, 3),
  (402, 2),
  (412, 1),
  (446, 1),
  (448, 1),
  (505, 1),
  (522, 1),
  (544, 1),
  (556, 1),
  (578, 1),
  (592, 1),
  (593, 1),
  (594, 1)],
 [(164, 1),
  (401, 4),
  (402, 2),
  (428, 1),
  (438, 1),
  (465, 1),
  (491, 1),
  (595, 1),
  (596, 1),
  (597, 1),
  (598, 1),
  (599, 1),
  (600, 1)],
 [(125, 1),
  (234, 1),
  (392, 1),
  (401, 3),
  (402, 2),
  (434, 1),
  (445, 1),
  (449, 1),
  (450, 1),
  (458, 1),
  (470, 1),
  (510, 1),
  (570, 1),
  (597, 1),
  (598, 1)],
 [(101, 1),
  (389, 1),
  (399, 1),
  (401, 4),
  (402, 2),
  (414, 1),
  (453, 1),
  (464, 1),
  (551, 1),
  (571, 1),
  (597, 1),
  (601, 1),
  (602, 1),
  (603, 1)],
 [(156, 1),
  (299, 1),
  (401, 3),
  (402, 2),
  (449, 1),
  (453, 1),
  (457, 1),
  (469, 1),
  (589, 1),
  (594, 1),
  (604, 1),
  (605, 1),
  (606, 1),
  (607, 1),
  (608, 1),
  (609, 1)],
 [(51, 1),
  (262, 1),
  (300, 1),
  (401, 2),
  (402, 2),
  (410, 1),
  (428, 1),
  (496, 1),
  (521, 1),
  (579, 1),
  (581, 1),
  (592, 1),
  (593, 1),
  (610, 1)],
 [(182, 1),
  (239, 1),
  (401, 2),
  (402, 2),
  (417, 1),
  (452, 1),
  (549, 1),
  (550, 1),
  (553, 1),
  (592, 1),
  (593, 1),
  (611, 1),
  (612, 1),
  (613, 1)],
 [(125, 1),
  (161, 1),
  (239, 1),
  (401, 3),
  (402, 2),
  (412, 1),
  (448, 1),
  (507, 1),
  (508, 1),
  (512, 1),
  (514, 1),
  (568, 1),
  (594, 1),
  (606, 1),
  (609, 1),
  (614, 1),
  (615, 1)],
 [(125, 1),
  (262, 1),
  (300, 1),
  (386, 1),
  (392, 1),
  (401, 2),
  (402, 2),
  (434, 1),
  (486, 1),
  (516, 1),
  (526, 1),
  (579, 1),
  (581, 1),
  (606, 1),
  (609, 1)],
 [(51, 1),
  (401, 3),
  (402, 2),
  (414, 1),
  (422, 1),
  (432, 1),
  (434, 1),
  (457, 1),
  (471, 1),
  (492, 1),
  (527, 1),
  (596, 1),
  (606, 1),
  (609, 1),
  (616, 1),
  (617, 1)],
 [(156, 1),
  (401, 3),
  (402, 2),
  (412, 1),
  (414, 1),
  (416, 1),
  (434, 1),
  (438, 1),
  (480, 1),
  (482, 1),
  (618, 1),
  (619, 1)],
 [(156, 1),
  (262, 1),
  (299, 1),
  (397, 1),
  (401, 3),
  (402, 2),
  (469, 1),
  (505, 1),
  (528, 1),
  (532, 1),
  (562, 1),
  (606, 1),
  (609, 1),
  (614, 1)],
 [(125, 1),
  (396, 1),
  (401, 4),
  (402, 2),
  (453, 1),
  (470, 1),
  (480, 1),
  (482, 1),
  (546, 1),
  (590, 1),
  (602, 1),
  (605, 1),
  (620, 1)],
 [(101, 1),
  (391, 1),
  (401, 3),
  (402, 2),
  (404, 1),
  (423, 1),
  (434, 1),
  (568, 1),
  (592, 1),
  (593, 1),
  (621, 1),
  (622, 1)],
 [(164, 1),
  (401, 4),
  (402, 2),
  (404, 1),
  (443, 1),
  (503, 1),
  (594, 1),
  (602, 1),
  (623, 1),
  (624, 1),
  (625, 1),
  (626, 1),
  (627, 1)],
 [(45, 2),
  (390, 1),
  (401, 5),
  (402, 2),
  (453, 1),
  (525, 1),
  (602, 1),
  (628, 1),
  (629, 1),
  (630, 1),
  (631, 1),
  (632, 1),
  (633, 1)],
 [(168, 1),
  (391, 1),
  (401, 3),
  (402, 2),
  (432, 1),
  (451, 1),
  (454, 1),
  (460, 1),
  (462, 1),
  (464, 1),
  (500, 1),
  (634, 1),
  (635, 1)],
 [(51, 1),
  (182, 1),
  (349, 1),
  (391, 1),
  (395, 1),
  (397, 1),
  (401, 5),
  (402, 2),
  (444, 1),
  (491, 1),
  (493, 1),
  (497, 1),
  (565, 1),
  (569, 1),
  (636, 1),
  (637, 1)],
 [(45, 1),
  (51, 1),
  (401, 5),
  (402, 2),
  (422, 1),
  (447, 1),
  (466, 1),
  (540, 1),
  (562, 1),
  (566, 1),
  (571, 1),
  (591, 1),
  (596, 1),
  (628, 1),
  (638, 1),
  (639, 1),
  (640, 1)],
 [(45, 1),
  (51, 1),
  (401, 4),
  (402, 2),
  (420, 1),
  (440, 1),
  (449, 1),
  (453, 1),
  (493, 1),
  (511, 1),
  (555, 1),
  (573, 1),
  (592, 1),
  (593, 1),
  (608, 1),
  (638, 1)],
 [(51, 1),
  (270, 1),
  (351, 1),
  (401, 3),
  (402, 2),
  (449, 1),
  (451, 1),
  (454, 1),
  (460, 1),
  (527, 1),
  (541, 1),
  (577, 1),
  (631, 1),
  (635, 1),
  (641, 1)],
 [(182, 1),
  (401, 4),
  (402, 2),
  (412, 1),
  (437, 1),
  (452, 1),
  (478, 1),
  (493, 1),
  (494, 1),
  (506, 1),
  (614, 1),
  (642, 1),
  (643, 1),
  (644, 1),
  (645, 1),
  (646, 1)],
 [(182, 1),
  (401, 4),
  (402, 2),
  (427, 1),
  (448, 1),
  (481, 1),
  (487, 1),
  (488, 1),
  (489, 1),
  (527, 1),
  (574, 1),
  (575, 1),
  (576, 1),
  (646, 1),
  (647, 1)],
 [(51, 1),
  (161, 1),
  (239, 1),
  (401, 4),
  (402, 2),
  (448, 1),
  (457, 1),
  (507, 1),
  (508, 1),
  (512, 1),
  (536, 1),
  (539, 1),
  (602, 1),
  (648, 1)],
 [(51, 1),
  (299, 1),
  (401, 4),
  (402, 2),
  (405, 1),
  (411, 1),
  (416, 1),
  (420, 1),
  (469, 1),
  (513, 1),
  (584, 1),
  (587, 1),
  (639, 1),
  (649, 1),
  (650, 1),
  (651, 1)],
 [(125, 1),
  (401, 3),
  (402, 2),
  (407, 1),
  (408, 1),
  (412, 1),
  (413, 1),
  (427, 1),
  (434, 1),
  (437, 1),
  (439, 1),
  (453, 1),
  (631, 1)],
 [(164, 1),
  (182, 1),
  (391, 1),
  (395, 1),
  (401, 4),
  (402, 2),
  (439, 1),
  (448, 1),
  (505, 1),
  (545, 1),
  (594, 1),
  (612, 1),
  (652, 1),
  (653, 1),
  (654, 1),
  (655, 1),
  (656, 1)],
 [(182, 1),
  (396, 1),
  (401, 3),
  (402, 2),
  (404, 1),
  (426, 1),
  (450, 1),
  (452, 1),
  (480, 1),
  (482, 1),
  (498, 1),
  (605, 1),
  (618, 1),
  (657, 1)],
 [(101, 1),
  (401, 3),
  (402, 2),
  (409, 1),
  (412, 1),
  (464, 1),
  (535, 1),
  (562, 1),
  (592, 1),
  (593, 1),
  (622, 1),
  (658, 1),
  (659, 1)],
 [(101, 1),
  (270, 1),
  (358, 1),
  (401, 3),
  (402, 2),
  (412, 1),
  (434, 1),
  (451, 1),
  (456, 1),
  (479, 1),
  (483, 1),
  (491, 1),
  (495, 1),
  (544, 1),
  (554, 1),
  (646, 1)],
 [(101, 1),
  (391, 1),
  (401, 3),
  (402, 2),
  (425, 1),
  (426, 1),
  (427, 1),
  (477, 1),
  (478, 1),
  (552, 1),
  (623, 1),
  (624, 1),
  (650, 1),
  (660, 1),
  (661, 1)],
 [(164, 1),
  (262, 1),
  (390, 1),
  (393, 1),
  (400, 1),
  (401, 3),
  (402, 2),
  (444, 1),
  (528, 1),
  (532, 1),
  (562, 1),
  (594, 1),
  (602, 1),
  (618, 1),
  (619, 1),
  (621, 1)],
 [(156, 1),
  (401, 3),
  (402, 2),
  (432, 1),
  (491, 1),
  (500, 1),
  (503, 1),
  (519, 1),
  (523, 1),
  (524, 1),
  (604, 1),
  (607, 1),
  (653, 1),
  (656, 1),
  (662, 1),
  (663, 1)],
 [(51, 1),
  (101, 1),
  (389, 1),
  (399, 1),
  (401, 3),
  (402, 2),
  (413, 1),
  (434, 1),
  (439, 1),
  (479, 1),
  (526, 1),
  (529, 1),
  (562, 1),
  (623, 1),
  (624, 1),
  (664, 1)],
 [(182, 2),
  (299, 1),
  (392, 1),
  (401, 4),
  (402, 2),
  (433, 1),
  (440, 1),
  (452, 1),
  (510, 1),
  (543, 1),
  (547, 1),
  (604, 1),
  (607, 1),
  (658, 1),
  (659, 1),
  (665, 1)],
 [(51, 1),
  (270, 1),
  (349, 1),
  (358, 1),
  (391, 1),
  (395, 1),
  (401, 3),
  (402, 2),
  (416, 1),
  (427, 1),
  (536, 1),
  (544, 1),
  (565, 1),
  (569, 1),
  (666, 1),
  (667, 1)],
 [(51, 1),
  (401, 2),
  (402, 2),
  (415, 1),
  (418, 1),
  (419, 1),
  (420, 1),
  (426, 1),
  (478, 1),
  (506, 1),
  (510, 1),
  (520, 1),
  (545, 1),
  (546, 1)],
 [(182, 1),
  (401, 3),
  (402, 2),
  (452, 1),
  (453, 1),
  (487, 1),
  (488, 1),
  (489, 1),
  (510, 1),
  (578, 1),
  (602, 1),
  (611, 1),
  (613, 1),
  (668, 1)],
 [(101, 1),
  (390, 1),
  (393, 1),
  (400, 1),
  (401, 4),
  (402, 2),
  (412, 1),
  (434, 1),
  (458, 1),
  (486, 1),
  (546, 1),
  (639, 1),
  (642, 1),
  (669, 1)],
 [(182, 1),
  (270, 1),
  (358, 1),
  (395, 1),
  (396, 1),
  (398, 1),
  (401, 3),
  (402, 2),
  (491, 1),
  (544, 1),
  (596, 1),
  (599, 1),
  (641, 1),
  (652, 1),
  (654, 1),
  (655, 1),
  (670, 1)],
 [(51, 1),
  (101, 1),
  (270, 1),
  (358, 1),
  (401, 3),
  (402, 2),
  (405, 1),
  (411, 1),
  (420, 1),
  (519, 1),
  (523, 1),
  (524, 1),
  (534, 1),
  (544, 1),
  (562, 1),
  (577, 1),
  (578, 1),
  (671, 1)],
 [(168, 1),
  (228, 1),
  (401, 4),
  (402, 2),
  (403, 1),
  (410, 1),
  (412, 1),
  (442, 1),
  (472, 1),
  (473, 1),
  (475, 1),
  (506, 1),
  (619, 1),
  (645, 1),
  (672, 1)],
 [(182, 1),
  (239, 1),
  (401, 2),
  (402, 2),
  (452, 1),
  (466, 1),
  (478, 1),
  (503, 1),
  (506, 1),
  (549, 1),
  (550, 1),
  (553, 1),
  (591, 1),
  (635, 1),
  (645, 1)],
 [(125, 1),
  (192, 1),
  (386, 1),
  (391, 1),
  (401, 4),
  (402, 2),
  (450, 1),
  (464, 1),
  (491, 1),
  (499, 1),
  (505, 1),
  (543, 1),
  (547, 1),
  (619, 1),
  (673, 1)],
 [(51, 1),
  (161, 1),
  (228, 1),
  (239, 1),
  (401, 3),
  (402, 2),
  (491, 1),
  (493, 1),
  (507, 1),
  (508, 1),
  (510, 1),
  (512, 1),
  (597, 1),
  (598, 1),
  (667, 1),
  (674, 1),
  (675, 1)],
 [(168, 1),
  (401, 4),
  (402, 2),
  (409, 1),
  (422, 1),
  (477, 1),
  (478, 1),
  (533, 1),
  (537, 1),
  (538, 1),
  (562, 1),
  (573, 1),
  (589, 1),
  (667, 1),
  (673, 1)],
 [(51, 1),
  (270, 1),
  (389, 1),
  (399, 1),
  (401, 3),
  (402, 2),
  (416, 1),
  (434, 1),
  (438, 1),
  (544, 1),
  (634, 1),
  (676, 1),
  (677, 1),
  (678, 1),
  (679, 1),
  (680, 1),
  (681, 1)],
 [(164, 1),
  (391, 1),
  (395, 1),
  (397, 1),
  (401, 4),
  (402, 2),
  (415, 1),
  (418, 1),
  (419, 1),
  (444, 1),
  (450, 1),
  (527, 1),
  (571, 1),
  (634, 1),
  (650, 1)],
 [(125, 1),
  (239, 1),
  (349, 1),
  (401, 2),
  (402, 2),
  (434, 1),
  (525, 1),
  (549, 1),
  (550, 1),
  (553, 1),
  (565, 1),
  (569, 1),
  (682, 1),
  (683, 1)],
 [(182, 1),
  (228, 1),
  (239, 1),
  (401, 3),
  (402, 2),
  (423, 1),
  (455, 1),
  (476, 1),
  (533, 1),
  (537, 1),
  (538, 1),
  (549, 1),
  (550, 1),
  (553, 1),
  (604, 1),
  (607, 1),
  (627, 1)],
 [(51, 1),
  (125, 1),
  (270, 1),
  (358, 1),
  (401, 3),
  (402, 2),
  (410, 1),
  (411, 1),
  (417, 1),
  (432, 1),
  (442, 1),
  (448, 1),
  (472, 1),
  (473, 1),
  (521, 1),
  (544, 1),
  (676, 1),
  (680, 1),
  (684, 1)],
 [(101, 1),
  (228, 1),
  (401, 3),
  (402, 2),
  (426, 1),
  (443, 1),
  (447, 1),
  (522, 1),
  (566, 1),
  (623, 1),
  (624, 1),
  (657, 1),
  (662, 1),
  (663, 1)],
 [(101, 1),
  (125, 1),
  (299, 1),
  (401, 4),
  (402, 2),
  (404, 1),
  (411, 1),
  (424, 1),
  (434, 1),
  (466, 1),
  (467, 1),
  (469, 1),
  (479, 1),
  (590, 1),
  (668, 1),
  (685, 1)],
 [(156, 1),
  (182, 1),
  (262, 1),
  (384, 1),
  (389, 1),
  (390, 1),
  (393, 1),
  (399, 1),
  (400, 1),
  (401, 4),
  (402, 2),
  (416, 1),
  (422, 1),
  (458, 1),
  (479, 1),
  (528, 1),
  (532, 1),
  (686, 1),
  (687, 1)],
 [(125, 1),
  (156, 1),
  (401, 3),
  (402, 2),
  (416, 1),
  (426, 1),
  (457, 1),
  (540, 1),
  (592, 1),
  (593, 1),
  (619, 1),
  (661, 1),
  (688, 1)],
 [(51, 1),
  (401, 2),
  (402, 2),
  (420, 1),
  (426, 1),
  (432, 1),
  (437, 1),
  (444, 1),
  (480, 1),
  (482, 1),
  (500, 1),
  (653, 1),
  (656, 1),
  (661, 1),
  (689, 1)],
 [(101, 1),
  (390, 1),
  (401, 4),
  (402, 2),
  (411, 1),
  (424, 1),
  (491, 1),
  (500, 1),
  (602, 1),
  (633, 1),
  (690, 1),
  (691, 1),
  (692, 1)],
 [(51, 1),
  (401, 4),
  (402, 2),
  (420, 1),
  (422, 1),
  (432, 1),
  (439, 1),
  (457, 1),
  (491, 1),
  (501, 1),
  (504, 1),
  (519, 1),
  (523, 1),
  (524, 1),
  (536, 1),
  (630, 1)],
 [(45, 1),
  (51, 1),
  (401, 5),
  (402, 2),
  (422, 1),
  (461, 1),
  (484, 1),
  (493, 1),
  (498, 1),
  (562, 1),
  (584, 1),
  (587, 1),
  (639, 1)],
 [(51, 1),
  (125, 1),
  (366, 1),
  (401, 4),
  (402, 2),
  (403, 1),
  (412, 1),
  (416, 1),
  (475, 1),
  (597, 1),
  (601, 1),
  (658, 1),
  (659, 1),
  (692, 1)],
 [(51, 1),
  (125, 1),
  (299, 1),
  (389, 1),
  (392, 1),
  (399, 1),
  (401, 4),
  (402, 2),
  (410, 1),
  (420, 1),
  (434, 1),
  (440, 1),
  (447, 1),
  (477, 1),
  (484, 1),
  (502, 1),
  (585, 1),
  (665, 1)],
 [(51, 1),
  (228, 1),
  (401, 4),
  (402, 2),
  (420, 1),
  (423, 1),
  (443, 1),
  (458, 1),
  (533, 1),
  (537, 1),
  (538, 1),
  (557, 1),
  (666, 1),
  (693, 1),
  (694, 1),
  (695, 1),
  (696, 1)],
 [(101, 1),
  (390, 1),
  (401, 3),
  (402, 2),
  (434, 1),
  (464, 1),
  (470, 1),
  (491, 1),
  (496, 1),
  (633, 1)],
 [(125, 1),
  (299, 1),
  (401, 3),
  (402, 2),
  (416, 1),
  (434, 1),
  (469, 1),
  (498, 1),
  (554, 1),
  (557, 1),
  (558, 1),
  (606, 1),
  (609, 1),
  (614, 1)],
 [(164, 1),
  (197, 1),
  (401, 3),
  (402, 2),
  (404, 1),
  (448, 1),
  (464, 1),
  (478, 1),
  (487, 1),
  (488, 1),
  (489, 1),
  (506, 1),
  (682, 1),
  (697, 1)],
 [(101, 1),
  (401, 3),
  (402, 2),
  (416, 1),
  (481, 1),
  (492, 1),
  (577, 1),
  (580, 1),
  (582, 1),
  (583, 1),
  (645, 1),
  (656, 1),
  (698, 1)],
 [(125, 1),
  (270, 1),
  (401, 2),
  (402, 2),
  (421, 1),
  (434, 1),
  (451, 1),
  (453, 1),
  (454, 1),
  (460, 1),
  (544, 1),
  (596, 1),
  (599, 1),
  (612, 1),
  (679, 1)],
 [(101, 1),
  (349, 1),
  (391, 1),
  (395, 1),
  (401, 3),
  (402, 2),
  (405, 1),
  (411, 1),
  (522, 1),
  (562, 1),
  (565, 1),
  (569, 1),
  (570, 1),
  (578, 1)],
 [(101, 1),
  (161, 1),
  (239, 1),
  (401, 3),
  (402, 2),
  (404, 1),
  (405, 1),
  (411, 1),
  (507, 1),
  (508, 1),
  (512, 1),
  (533, 1),
  (537, 1),
  (538, 1),
  (573, 1),
  (589, 1),
  (699, 1),
  (700, 1)],
 [(125, 1),
  (401, 3),
  (402, 2),
  (415, 1),
  (418, 1),
  (419, 1),
  (426, 1),
  (430, 1),
  (438, 1),
  (465, 1),
  (564, 1),
  (567, 1),
  (610, 1),
  (683, 1),
  (701, 1)],
 [(125, 1),
  (299, 1),
  (401, 3),
  (402, 2),
  (404, 1),
  (423, 1),
  (432, 1),
  (456, 1),
  (469, 1),
  (526, 1),
  (529, 1),
  (561, 1),
  (584, 1),
  (587, 1),
  (589, 1),
  (702, 1)],
 [(125, 1),
  (168, 1),
  (391, 1),
  (401, 4),
  (402, 2),
  (429, 1),
  (431, 1),
  (453, 1),
  (484, 1),
  (522, 1),
  (535, 1),
  (566, 1),
  (621, 1)],
 [(164, 1),
  (182, 1),
  (397, 1),
  (401, 4),
  (402, 2),
  (411, 1),
  (422, 1),
  (432, 1),
  (452, 1),
  (457, 1),
  (502, 1),
  (517, 1),
  (521, 1),
  (527, 1),
  (568, 1),
  (703, 1)],
 [(182, 1),
  (228, 1),
  (401, 4),
  (402, 2),
  (416, 1),
  (471, 1),
  (525, 1),
  (554, 1),
  (596, 1),
  (616, 1),
  (622, 1),
  (623, 1),
  (624, 1),
  (648, 1)],
 [(168, 1),
  (391, 1),
  (401, 4),
  (402, 2),
  (447, 1),
  (453, 1),
  (478, 1),
  (506, 1),
  (566, 1),
  (592, 1),
  (593, 1),
  (594, 1),
  (612, 1),
  (645, 1),
  (666, 1),
  (700, 1)],
 [(51, 1),
  (182, 1),
  (401, 3),
  (402, 2),
  (414, 1),
  (449, 1),
  (451, 1),
  (454, 1),
  (460, 1),
  (479, 1),
  (491, 1),
  (608, 1),
  (697, 1),
  (704, 1),
  (705, 1)],
 [(182, 1),
  (299, 1),
  (401, 3),
  (402, 2),
  (448, 1),
  (452, 1),
  (469, 1),
  (477, 1),
  (533, 1),
  (537, 1),
  (538, 1),
  (585, 1),
  (614, 1),
  (619, 1)],
 [(125, 1),
  (182, 1),
  (299, 1),
  (401, 4),
  (402, 2),
  (432, 1),
  (456, 1),
  (469, 1),
  (494, 1),
  (502, 1),
  (525, 1),
  (527, 1),
  (560, 1),
  (572, 1),
  (643, 1),
  (650, 1),
  (706, 1)],
 [(101, 1),
  (395, 1),
  (401, 4),
  (402, 2),
  (500, 1),
  (503, 1),
  (527, 1),
  (533, 1),
  (537, 1),
  (538, 1),
  (557, 1),
  (558, 1),
  (586, 1),
  (620, 1)],
 [(125, 1),
  (401, 4),
  (402, 2),
  (448, 2),
  (455, 1),
  (502, 1),
  (503, 1),
  (517, 1),
  (542, 1),
  (574, 1),
  (575, 1),
  (602, 1),
  (668, 1)],
 [(45, 1),
  (366, 1),
  (389, 1),
  (399, 1),
  (401, 3),
  (402, 2),
  (407, 1),
  (408, 1),
  (413, 1),
  (422, 1),
  (432, 1),
  (496, 1),
  (514, 1),
  (522, 1),
  (557, 1),
  (696, 1)],
 [(101, 1),
  (401, 3),
  (402, 2),
  (411, 1),
  (412, 1),
  (424, 1),
  (434, 1),
  (436, 1),
  (559, 1),
  (584, 1),
  (587, 1),
  (614, 1),
  (645, 1)],
 [(168, 1),
  (401, 3),
  (402, 2),
  (412, 1),
  (415, 1),
  (418, 1),
  (419, 1),
  (426, 1),
  (491, 1),
  (493, 1),
  (522, 1),
  (594, 1),
  (646, 1),
  (657, 1),
  (676, 1),
  (680, 1)],
 [(182, 1),
  (270, 1),
  (401, 2),
  (402, 2),
  (448, 1),
  (452, 1),
  (544, 1),
  (556, 1),
  (580, 1),
  (582, 1),
  (583, 1),
  (596, 1),
  (614, 1),
  (694, 1),
  (707, 1),
  (708, 1)],
 [(51, 1),
  (394, 1),
  (401, 3),
  (402, 2),
  (412, 1),
  (420, 1),
  (432, 1),
  (448, 1),
  (502, 1),
  (517, 1),
  (522, 1),
  (570, 1),
  (621, 1),
  (674, 1)],
 [(51, 1),
  (228, 1),
  (262, 1),
  (384, 1),
  (401, 3),
  (402, 2),
  (420, 1),
  (451, 1),
  (454, 1),
  (460, 1),
  (510, 1),
  (528, 1),
  (532, 1),
  (627, 1),
  (687, 1)],
 [(125, 1),
  (239, 1),
  (401, 2),
  (402, 2),
  (434, 1),
  (510, 1),
  (533, 1),
  (537, 1),
  (538, 1),
  (549, 1),
  (550, 1),
  (553, 1),
  (562, 1),
  (563, 1),
  (610, 1),
  (617, 1)],
 [(156, 1),
  (391, 1),
  (401, 4),
  (402, 2),
  (414, 1),
  (429, 1),
  (431, 1),
  (444, 1),
  (486, 1),
  (500, 1),
  (509, 1),
  (513, 1),
  (515, 1),
  (660, 1)],
 [(101, 1),
  (349, 1),
  (391, 1),
  (401, 4),
  (402, 2),
  (404, 1),
  (438, 1),
  (450, 1),
  (465, 1),
  (542, 1),
  (565, 1),
  (569, 1),
  (604, 1),
  (607, 1),
  (656, 1),
  (698, 1)],
 [(51, 1),
  (125, 1),
  (401, 5),
  (402, 2),
  (403, 1),
  (412, 1),
  (434, 1),
  (442, 1),
  (448, 1),
  (472, 1),
  (473, 1),
  (514, 1),
  (516, 1)],
 [(156, 1),
  (270, 1),
  (358, 1),
  (401, 3),
  (402, 2),
  (412, 1),
  (414, 1),
  (525, 1),
  (527, 1),
  (544, 1),
  (652, 1),
  (654, 1),
  (655, 1),
  (682, 1),
  (709, 1)],
 [(156, 1),
  (234, 1),
  (299, 1),
  (401, 3),
  (402, 2),
  (410, 1),
  (445, 1),
  (449, 1),
  (455, 1),
  (469, 1),
  (504, 1),
  (527, 1),
  (539, 1),
  (540, 1),
  (710, 1)],
 [(164, 1),
  (239, 1),
  (401, 2),
  (402, 2),
  (496, 1),
  (535, 1),
  (549, 1),
  (550, 1),
  (553, 1),
  (614, 1),
  (677, 1),
  (678, 1),
  (681, 1),
  (711, 1)],
 [(101, 1),
  (391, 1),
  (395, 1),
  (401, 3),
  (402, 2),
  (411, 1),
  (423, 1),
  (449, 1),
  (463, 1),
  (485, 1),
  (486, 1),
  (491, 1),
  (521, 1),
  (534, 1),
  (623, 1),
  (624, 1)],
 [(168, 1),
  (228, 1),
  (401, 3),
  (402, 2),
  (415, 1),
  (418, 1),
  (419, 1),
  (505, 1),
  (602, 1),
  (632, 1),
  (635, 1),
  (639, 1),
  (672, 1),
  (697, 1),
  (705, 1)],
 [(182, 1),
  (299, 1),
  (372, 1),
  (396, 1),
  (401, 3),
  (402, 2),
  (406, 1),
  (408, 1),
  (416, 1),
  (426, 1),
  (459, 1),
  (493, 1),
  (667, 1),
  (712, 1)],
 [(156, 1),
  (401, 4),
  (402, 2),
  (438, 1),
  (491, 1),
  (526, 1),
  (529, 1),
  (597, 1),
  (598, 1),
  (602, 1),
  (622, 1),
  (629, 1),
  (632, 1),
  (635, 1)],
 [(51, 1),
  (125, 1),
  (401, 3),
  (402, 2),
  (416, 1),
  (420, 1),
  (432, 1),
  (434, 1),
  (464, 1),
  (606, 1),
  (609, 1),
  (676, 1),
  (680, 1),
  (694, 1),
  (708, 1)],
 [(156, 1),
  (164, 1),
  (299, 1),
  (401, 5),
  (402, 2),
  (416, 1),
  (469, 1),
  (486, 1),
  (502, 1),
  (530, 1),
  (531, 1),
  (577, 1),
  (594, 1),
  (595, 1),
  (615, 1),
  (645, 1)],
 [(51, 1),
  (125, 1),
  (391, 1),
  (401, 4),
  (402, 2),
  (423, 1),
  (434, 1),
  (448, 1),
  (477, 1),
  (480, 1),
  (482, 1),
  (485, 1),
  (585, 1),
  (651, 1),
  (669, 1),
  (674, 1)],
 [(182, 1),
  (390, 1),
  (393, 1),
  (400, 1),
  (401, 5),
  (402, 2),
  (413, 1),
  (438, 1),
  (453, 1),
  (461, 1),
  (518, 1),
  (602, 1),
  (617, 1),
  (649, 1),
  (666, 1),
  (694, 1),
  (708, 1)],
 [(168, 1),
  (390, 1),
  (391, 1),
  (392, 1),
  (395, 1),
  (401, 4),
  (402, 2),
  (483, 1),
  (496, 1),
  (566, 1),
  (612, 1),
  (633, 1),
  (690, 1),
  (710, 1)],
 [(156, 1),
  (228, 1),
  (390, 1),
  (401, 4),
  (402, 2),
  (413, 1),
  (455, 1),
  (465, 1),
  (483, 1),
  (490, 1),
  (516, 1),
  (526, 1),
  (529, 1),
  (564, 1),
  (567, 1),
  (633, 1)],
 [(45, 1),
  (168, 1),
  (349, 1),
  (391, 1),
  (395, 1),
  (401, 4),
  (402, 2),
  (439, 1),
  (491, 1),
  (560, 1),
  (565, 1),
  (569, 1),
  (577, 1),
  (637, 1),
  (702, 1)],
 [(125, 1),
  (156, 1),
  (391, 1),
  (395, 1),
  (401, 4),
  (402, 2),
  (453, 1),
  (514, 1),
  (573, 1),
  (580, 1),
  (582, 1),
  (583, 1),
  (641, 1),
  (650, 1),
  (691, 1)],
 [(45, 1),
  (239, 1),
  (401, 2),
  (402, 2),
  (428, 1),
  (432, 1),
  (465, 1),
  (510, 1),
  (549, 1),
  (550, 1),
  (553, 1),
  (596, 1),
  (597, 1),
  (598, 1),
  (599, 1),
  (605, 1)],
 [(101, 1),
  (125, 1),
  (270, 1),
  (389, 1),
  (392, 1),
  (399, 1),
  (401, 3),
  (402, 2),
  (432, 1),
  (440, 1),
  (457, 1),
  (474, 1),
  (480, 1),
  (482, 1),
  (540, 1),
  (544, 1),
  (555, 1),
  (679, 1)],
 [(51, 1),
  (125, 1),
  (228, 1),
  (234, 1),
  (401, 3),
  (402, 2),
  (405, 1),
  (411, 1),
  (420, 1),
  (437, 1),
  (438, 1),
  (445, 1),
  (449, 1),
  (580, 1),
  (582, 1),
  (583, 1),
  (615, 1)],
 [(182, 1),
  (401, 2),
  (402, 2),
  (411, 1),
  (426, 1),
  (432, 1),
  (444, 1),
  (451, 1),
  (454, 1),
  (460, 1),
  (521, 1),
  (562, 1),
  (589, 1),
  (622, 1),
  (657, 1)],
 [(156, 1),
  (192, 1),
  (401, 5),
  (402, 2),
  (422, 1),
  (458, 1),
  (465, 1),
  (491, 1),
  (494, 1),
  (603, 1),
  (612, 1),
  (677, 1),
  (678, 1),
  (681, 1),
  (691, 1)],
 [(125, 1),
  (395, 1),
  (401, 3),
  (402, 2),
  (415, 1),
  (418, 1),
  (419, 1),
  (434, 1),
  (436, 1),
  (546, 1),
  (578, 1),
  (611, 1),
  (613, 1),
  (670, 1),
  (713, 1)],
 [(168, 1),
  (391, 1),
  (395, 1),
  (401, 4),
  (402, 2),
  (427, 1),
  (450, 1),
  (455, 1),
  (491, 1),
  (540, 1),
  (571, 1),
  (592, 1),
  (593, 1),
  (709, 1)],
 [(156, 1),
  (164, 1),
  (390, 1),
  (393, 1),
  (400, 1),
  (401, 4),
  (402, 2),
  (412, 1),
  (413, 1),
  (453, 1),
  (522, 1),
  (526, 1),
  (529, 1),
  (545, 1),
  (615, 1),
  (694, 1),
  (695, 1)],
 [(182, 1),
  (270, 1),
  (358, 1),
  (401, 3),
  (402, 2),
  (435, 1),
  (441, 1),
  (442, 1),
  (500, 1),
  (544, 1),
  (564, 1),
  (567, 1),
  (578, 1),
  (634, 1),
  (639, 1),
  (714, 1)],
 [(168, 1),
  (401, 4),
  (402, 2),
  (425, 1),
  (426, 1),
  (444, 1),
  (450, 1),
  (453, 1),
  (459, 1),
  (506, 1),
  (570, 1),
  (652, 1),
  (654, 1),
  (655, 1)],
 [(125, 1),
  (262, 1),
  (372, 1),
  (401, 2),
  (402, 2),
  (408, 1),
  (414, 1),
  (432, 1),
  (434, 1),
  (491, 1),
  (516, 1),
  (528, 1),
  (532, 1),
  (596, 1),
  (599, 1),
  (667, 1),
  (712, 1)],
 [(51, 1),
  (125, 1),
  (389, 1),
  (391, 1),
  (399, 1),
  (401, 4),
  (402, 2),
  (409, 1),
  (453, 1),
  (511, 1),
  (606, 1),
  (609, 1),
  (614, 1),
  (658, 1),
  (659, 1),
  (673, 1),
  (685, 1)],
 [(182, 1),
  (401, 4),
  (402, 2),
  (425, 1),
  (516, 1),
  (557, 1),
  (562, 1),
  (617, 1),
  (674, 1),
  (685, 1),
  (696, 1),
  (714, 1)],
 [(101, 1),
  (239, 1),
  (401, 2),
  (402, 2),
  (427, 1),
  (432, 1),
  (502, 1),
  (517, 1),
  (548, 1),
  (549, 1),
  (550, 1),
  (553, 1),
  (560, 1),
  (562, 1),
  (615, 1)],
 [(182, 1),
  (228, 1),
  (239, 1),
  (401, 3),
  (402, 2),
  (503, 1),
  (549, 1),
  (550, 1),
  (553, 1),
  (560, 1),
  (562, 1),
  (594, 1),
  (606, 1),
  (609, 1),
  (710, 1)],
 [(101, 1),
  (299, 1),
  (390, 1),
  (397, 1),
  (401, 4),
  (402, 2),
  (434, 1),
  (448, 1),
  (469, 1),
  (503, 1),
  (631, 1),
  (633, 1),
  (702, 1)],
 [(168, 1),
  (182, 1),
  (392, 1),
  (401, 4),
  (402, 2),
  (403, 1),
  (525, 1),
  (580, 1),
  (582, 1),
  (583, 1),
  (611, 1),
  (613, 1),
  (619, 1)],
 [(51, 1),
  (270, 1),
  (396, 1),
  (401, 2),
  (402, 2),
  (432, 1),
  (434, 1),
  (448, 1),
  (462, 1),
  (544, 1),
  (584, 1),
  (587, 1),
  (635, 1),
  (679, 1),
  (694, 1),
  (708, 1)],
 [(45, 1),
  (51, 1),
  (228, 1),
  (396, 1),
  (401, 4),
  (402, 2),
  (432, 1),
  (466, 1),
  (467, 1),
  (491, 1),
  (571, 1),
  (596, 1),
  (631, 1),
  (640, 1),
  (697, 1),
  (705, 1),
  (706, 1)],
 [(51, 1),
  (270, 1),
  (349, 1),
  (401, 3),
  (402, 2),
  (404, 1),
  (405, 1),
  (411, 1),
  (420, 1),
  (423, 1),
  (456, 1),
  (544, 1),
  (565, 1),
  (569, 1),
  (589, 1),
  (679, 1),
  (693, 1)],
 [(182, 1),
  (401, 3),
  (402, 2),
  (414, 1),
  (422, 1),
  (426, 1),
  (442, 1),
  (446, 1),
  (465, 1),
  (472, 1),
  (473, 1),
  (520, 1),
  (577, 1),
  (596, 1),
  (707, 1)],
 [(125, 1),
  (395, 1),
  (398, 1),
  (401, 3),
  (402, 2),
  (415, 1),
  (418, 1),
  (419, 1),
  (434, 1),
  (436, 1),
  (444, 1),
  (448, 1),
  (561, 1),
  (586, 1),
  (704, 1)],
 [(51, 1),
  (262, 1),
  (300, 1),
  (392, 1),
  (401, 3),
  (402, 2),
  (405, 1),
  (411, 1),
  (420, 1),
  (427, 1),
  (450, 1),
  (539, 1),
  (579, 1),
  (581, 1),
  (596, 1),
  (615, 1),
  (640, 1)],
 [(101, 2),
  (270, 1),
  (401, 3),
  (402, 2),
  (414, 1),
  (448, 1),
  (455, 1),
  (544, 1),
  (570, 1),
  (592, 1),
  (593, 1),
  (679, 1),
  (692, 1)],
 [(51, 1),
  (262, 1),
  (300, 1),
  (401, 2),
  (402, 2),
  (434, 1),
  (437, 1),
  (451, 1),
  (454, 1),
  (460, 1),
  (465, 1),
  (579, 1),
  (581, 1),
  (620, 1),
  (713, 1)],
 [(125, 1),
  (401, 3),
  (402, 2),
  (410, 1),
  (417, 1),
  (425, 1),
  (426, 1),
  (434, 1),
  (514, 1),
  (543, 1),
  (547, 1),
  (657, 1),
  (701, 1),
  (711, 1)],
 [(51, 1),
  (391, 1),
  (395, 1),
  (401, 3),
  (402, 2),
  (426, 1),
  (434, 1),
  (437, 1),
  (477, 1),
  (527, 1),
  (552, 1),
  (585, 1),
  (644, 1),
  (647, 1),
  (661, 1),
  (692, 1)],
 [(45, 1),
  (182, 1),
  (228, 1),
  (299, 1),
  (401, 4),
  (402, 2),
  (427, 1),
  (452, 1),
  (458, 1),
  (469, 1),
  (484, 1),
  (623, 1),
  (624, 1),
  (702, 1)],
 [(51, 1),
  (262, 1),
  (401, 2),
  (402, 2),
  (411, 1),
  (416, 1),
  (424, 1),
  (432, 1),
  (434, 1),
  (437, 1),
  (510, 1),
  (528, 1),
  (532, 1),
  (597, 1),
  (601, 1),
  (647, 1)],
 [(125, 1),
  (398, 1),
  (401, 3),
  (402, 2),
  (406, 1),
  (412, 1),
  (434, 1),
  (515, 1),
  (534, 1),
  (562, 1),
  (606, 1),
  (609, 1),
  (671, 1),
  (692, 1)],
 [(51, 1),
  (168, 1),
  (228, 1),
  (391, 1),
  (395, 1),
  (401, 5),
  (402, 2),
  (410, 1),
  (570, 1),
  (605, 1),
  (652, 1),
  (654, 1),
  (655, 1),
  (684, 1),
  (715, 1)],
 [(156, 1),
  (228, 1),
  (391, 1),
  (395, 2),
  (401, 4),
  (402, 2),
  (505, 1),
  (516, 1),
  (557, 1),
  (558, 1),
  (674, 1),
  (715, 1),
  (716, 1),
  (717, 1)],
 [(101, 1),
  (182, 1),
  (401, 3),
  (402, 2),
  (405, 1),
  (411, 1),
  (426, 1),
  (427, 1),
  (452, 1),
  (534, 1),
  (562, 1),
  (597, 1),
  (598, 1),
  (619, 1),
  (661, 1),
  (675, 1)],
 [(51, 1),
  (125, 1),
  (401, 4),
  (402, 2),
  (417, 1),
  (420, 1),
  (421, 1),
  (434, 1),
  (450, 1),
  (491, 1),
  (539, 1),
  (639, 1),
  (656, 1),
  (658, 1),
  (659, 1),
  (698, 1)],
 [(156, 1),
  (391, 1),
  (395, 1),
  (401, 3),
  (402, 2),
  (444, 1),
  (448, 1),
  (499, 1),
  (505, 1),
  (580, 1),
  (582, 1),
  (583, 1),
  (600, 1),
  (666, 1)],
 [(45, 1),
  (161, 1),
  (239, 1),
  (401, 3),
  (402, 2),
  (410, 1),
  (453, 1),
  (499, 1),
  (505, 1),
  (507, 1),
  (508, 1),
  (512, 1),
  (568, 1),
  (592, 1),
  (593, 1),
  (709, 1)],
 [(168, 1),
  (182, 1),
  (228, 1),
  (401, 5),
  (402, 2),
  (440, 1),
  (448, 1),
  (479, 1),
  (513, 1),
  (536, 1),
  (647, 1),
  (664, 1),
  (704, 1),
  (716, 1),
  (717, 1)],
 [(125, 2),
  (401, 4),
  (402, 2),
  (434, 2),
  (450, 1),
  (479, 1),
  (491, 1),
  (560, 1),
  (604, 1),
  (607, 1),
  (623, 1),
  (624, 1),
  (636, 1),
  (637, 1),
  (682, 1)],
 [(168, 1),
  (391, 1),
  (395, 1),
  (401, 3),
  (402, 2),
  (406, 1),
  (416, 1),
  (426, 1),
  (427, 1),
  (552, 1),
  (621, 1),
  (661, 1),
  (688, 1),
  (716, 1),
  (717, 1)],
 [(182, 1),
  (401, 3),
  (402, 2),
  (425, 1),
  (426, 1),
  (437, 1),
  (452, 1),
  (459, 1),
  (519, 1),
  (523, 1),
  (524, 1),
  (525, 1),
  (684, 1),
  (689, 1)],
 [(101, 1),
  (239, 1),
  (401, 3),
  (402, 2),
  (450, 1),
  (464, 1),
  (465, 1),
  (514, 1),
  (548, 1),
  (549, 1),
  (550, 1),
  (553, 1),
  (623, 1),
  (624, 1)],
 [(51, 1),
  (401, 2),
  (402, 2),
  (416, 1),
  (426, 1),
  (430, 1),
  (434, 1),
  (522, 1),
  (597, 1),
  (598, 1),
  (611, 1),
  (618, 1),
  (635, 1),
  (699, 1)],
 [(51, 1),
  (239, 1),
  (392, 1),
  (396, 1),
  (401, 2),
  (402, 2),
  (432, 1),
  (470, 1),
  (536, 1),
  (549, 1),
  (550, 1),
  (553, 1),
  (580, 1),
  (582, 1),
  (583, 1),
  (617, 1)],
 [(45, 1),
  (101, 1),
  (390, 1),
  (393, 1),
  (400, 1),
  (401, 3),
  (402, 2),
  (405, 1),
  (411, 1),
  (426, 1),
  (434, 1),
  (459, 1),
  (464, 1),
  (486, 1),
  (491, 1),
  (647, 1)],
 [(45, 1),
  (182, 1),
  (234, 1),
  (401, 3),
  (402, 2),
  (404, 1),
  (445, 1),
  (449, 1),
  (451, 1),
  (452, 1),
  (455, 1),
  (495, 1),
  (573, 1),
  (631, 1),
  (688, 1)],
 [(164, 1),
  (262, 1),
  (300, 1),
  (390, 1),
  (393, 1),
  (400, 1),
  (401, 3),
  (402, 2),
  (416, 1),
  (499, 1),
  (505, 1),
  (511, 1),
  (522, 1),
  (579, 1),
  (581, 1),
  (610, 1),
  (693, 1)],
 [(45, 1),
  (270, 1),
  (358, 1),
  (391, 1),
  (401, 3),
  (402, 2),
  (407, 1),
  (408, 1),
  (410, 1),
  (411, 1),
  (413, 1),
  (448, 1),
  (521, 1),
  (544, 1),
  (568, 1),
  (628, 1)],
 [(125, 1),
  (390, 1),
  (391, 1),
  (393, 1),
  (395, 1),
  (400, 1),
  (401, 4),
  (402, 2),
  (425, 1),
  (484, 1),
  (486, 1),
  (491, 1),
  (510, 1),
  (588, 1),
  (594, 1),
  (686, 1)],
 [(156, 1),
  (391, 1),
  (394, 1),
  (395, 1),
  (401, 4),
  (402, 2),
  (448, 1),
  (468, 1),
  (503, 1),
  (514, 1),
  (584, 1),
  (587, 1),
  (610, 1),
  (625, 1),
  (626, 1)],
 [(182, 1),
  (270, 1),
  (351, 1),
  (395, 1),
  (401, 3),
  (402, 2),
  (449, 1),
  (462, 1),
  (496, 1),
  (540, 1),
  (541, 1),
  (612, 1),
  (619, 1),
  (623, 1),
  (624, 1),
  (670, 1)],
 [(125, 1),
  (270, 1),
  (358, 1),
  (391, 1),
  (395, 1),
  (401, 3),
  (402, 2),
  (491, 1),
  (544, 1),
  (545, 1),
  (614, 1),
  (622, 1),
  (623, 1),
  (624, 1),
  (634, 1)],
 [(101, 1),
  (392, 1),
  (401, 3),
  (402, 2),
  (412, 1),
  (423, 1),
  (434, 1),
  (592, 1),
  (593, 1),
  (596, 1),
  (611, 1),
  (613, 1),
  (688, 1),
  (707, 1)],
 [(51, 1),
  (228, 1),
  (299, 1),
  (401, 3),
  (402, 2),
  (420, 1),
  (458, 1),
  (469, 1),
  (525, 1),
  (580, 1),
  (582, 1),
  (583, 1),
  (596, 1),
  (622, 1),
  (640, 1)],
 [(125, 1),
  (401, 3),
  (402, 2),
  (411, 1),
  (424, 1),
  (425, 1),
  (426, 1),
  (434, 1),
  (510, 1),
  (520, 1),
  (660, 1),
  (670, 1),
  (716, 1),
  (717, 1)],
 [(51, 1),
  (299, 1),
  (401, 3),
  (402, 2),
  (405, 1),
  (411, 1),
  (434, 1),
  (469, 1),
  (516, 1),
  (562, 1),
  (592, 1),
  (593, 1),
  (596, 1),
  (628, 1),
  (707, 1)],
 [(101, 1),
  (401, 4),
  (402, 2),
  (417, 1),
  (434, 1),
  (450, 1),
  (458, 1),
  (491, 1),
  (602, 1),
  (614, 1),
  (667, 1),
  (677, 1),
  (678, 1),
  (681, 1)],
 [(45, 1),
  (270, 1),
  (384, 1),
  (392, 1),
  (401, 3),
  (402, 2),
  (462, 1),
  (480, 1),
  (482, 1),
  (544, 1),
  (545, 1),
  (639, 1),
  (645, 1),
  (679, 1),
  (703, 1)],
 [(125, 1),
  (299, 1),
  (401, 4),
  (402, 2),
  (448, 1),
  (469, 1),
  (516, 1),
  (526, 1),
  (529, 1),
  (625, 1),
  (626, 1),
  (677, 1),
  (678, 1),
  (681, 1),
  (715, 1)],
 [(51, 1),
  (228, 1),
  (392, 1),
  (401, 3),
  (402, 2),
  (434, 1),
  (449, 1),
  (456, 1),
  (519, 1),
  (523, 1),
  (524, 1),
  (594, 1),
  (608, 1),
  (646, 1),
  (692, 1),
  (694, 1),
  (708, 1)],
 [(168, 1),
  (401, 4),
  (402, 2),
  (422, 1),
  (434, 1),
  (453, 1),
  (612, 1),
  (621, 1),
  (652, 1),
  (654, 1),
  (655, 1),
  (674, 1),
  (709, 1)],
 [(101, 1),
  (401, 3),
  (402, 2),
  (471, 1),
  (480, 1),
  (482, 1),
  (499, 1),
  (505, 1),
  (522, 1),
  (562, 1),
  (589, 1),
  (602, 1),
  (618, 1)],
 [(101, 1),
  (299, 1),
  (401, 4),
  (402, 2),
  (446, 1),
  (465, 1),
  (469, 1),
  (483, 1),
  (490, 1),
  (536, 1),
  (614, 1),
  (635, 1),
  (677, 1),
  (678, 1),
  (681, 1)],
 [(51, 1),
  (270, 1),
  (398, 1),
  (401, 3),
  (402, 2),
  (420, 1),
  (421, 1),
  (450, 1),
  (491, 1),
  (510, 1),
  (544, 1),
  (556, 1),
  (592, 1),
  (593, 1),
  (619, 1)],
 [(156, 1),
  (391, 1),
  (395, 1),
  (401, 4),
  (402, 2),
  (439, 1),
  (447, 1),
  (500, 1),
  (562, 1),
  (566, 1),
  (594, 1),
  (660, 1),
  (677, 1),
  (678, 1),
  (681, 1),
  (713, 1)],
 [(210, 1),
  (223, 1),
  (239, 1),
  (387, 1),
  (718, 1),
  (719, 1),
  (720, 1),
  (721, 1),
  (722, 1)],
 [(210, 1),
  (223, 1),
  (239, 1),
  (387, 1),
  (718, 1),
  (719, 1),
  (721, 1),
  (723, 1),
  (724, 1),
  (725, 1)],
 [(210, 1),
  (223, 1),
  (239, 1),
  (387, 1),
  (718, 1),
  (719, 1),
  (721, 1),
  (726, 1),
  (727, 1),
  (728, 1)],
 [(210, 1),
  (223, 1),
  (239, 1),
  (387, 1),
  (718, 1),
  (719, 1),
  (721, 1),
  (723, 1)],
 [(210, 1),
  (223, 1),
  (239, 1),
  (387, 1),
  (718, 1),
  (719, 1),
  (721, 1),
  (729, 1),
  (730, 1)],
 [(210, 1),
  (223, 1),
  (239, 1),
  (387, 1),
  (718, 1),
  (719, 1),
  (720, 1),
  (721, 1)],
 [(210, 1),
  (223, 1),
  (239, 1),
  (387, 1),
  (718, 1),
  (719, 1),
  (721, 1),
  (730, 1),
  (731, 1),
  (732, 1)],
 [(210, 1),
  (223, 1),
  (239, 1),
  (387, 1),
  (718, 1),
  (719, 1),
  (721, 1),
  (733, 1)],
 [(210, 1),
  (223, 1),
  (239, 1),
  (387, 1),
  (718, 1),
  (719, 1),
  (721, 1),
  (734, 1),
  (735, 1)],
 [(210, 1),
  (223, 1),
  (239, 1),
  (387, 1),
  (718, 1),
  (719, 1),
  (721, 1),
  (736, 1),
  (737, 1)],
 [(210, 1),
  (223, 1),
  (239, 1),
  (387, 1),
  (718, 1),
  (719, 1),
  (721, 1),
  (738, 1)],
 [(210, 1),
  (223, 1),
  (239, 1),
  (387, 1),
  (718, 1),
  (719, 1),
  (721, 1),
  (735, 1),
  (739, 1)],
 [(210, 1),
  (223, 1),
  (239, 1),
  (387, 1),
  (718, 1),
  (719, 1),
  (721, 1),
  (728, 1),
  (733, 1)],
 [(210, 1),
  (223, 1),
  (239, 1),
  (387, 1),
  (718, 1),
  (719, 1),
  (721, 1),
  (730, 1),
  (740, 1),
  (741, 1)],
 [(210, 1),
  (223, 1),
  (239, 1),
  (387, 1),
  (718, 1),
  (719, 1),
  (721, 1),
  (733, 1)],
 [(210, 1),
  (223, 1),
  (239, 1),
  (387, 1),
  (718, 1),
  (719, 1),
  (720, 1),
  (721, 1)],
 [(210, 1),
  (223, 1),
  (239, 1),
  (387, 1),
  (718, 1),
  (719, 1),
  (721, 1),
  (742, 1)],
 [(210, 1),
  (223, 1),
  (239, 1),
  (387, 1),
  (718, 1),
  (719, 1),
  (721, 1),
  (729, 1),
  (738, 1),
  (743, 1)],
 [(210, 1),
  (223, 1),
  (239, 1),
  (387, 1),
  (718, 1),
  (719, 1),
  (721, 1),
  (737, 1),
  (744, 1)],
 [(210, 1),
  (223, 1),
  (239, 1),
  (387, 1),
  (718, 1),
  (719, 1),
  (721, 1),
  (734, 1),
  (738, 1)],
 [(210, 1),
  (223, 1),
  (239, 1),
  (387, 1),
  (718, 1),
  (719, 1),
  (721, 1),
  (733, 1)],
 [(210, 1),
  (223, 1),
  (239, 1),
  (387, 1),
  (718, 1),
  (719, 1),
  (721, 1),
  (731, 1),
  (732, 1),
  (738, 1)],
 [(210, 1),
  (223, 1),
  (239, 1),
  (387, 1),
  (718, 1),
  (719, 1),
  (721, 1),
  (733, 1),
  (745, 1),
  (746, 1)],
 [(210, 1),
  (223, 1),
  (239, 1),
  (387, 1),
  (718, 1),
  (719, 1),
  (721, 1),
  (738, 1)],
 [(210, 1),
  (223, 1),
  (239, 1),
  (387, 1),
  (718, 1),
  (719, 1),
  (721, 1),
  (737, 1)],
 [(210, 1),
  (223, 1),
  (239, 1),
  (387, 1),
  (718, 1),
  (719, 1),
  (721, 1),
  (726, 1),
  (747, 1)],
 [(210, 1),
  (223, 1),
  (239, 1),
  (387, 1),
  (718, 1),
  (719, 1),
  (721, 1),
  (730, 1),
  (748, 1),
  (749, 1)],
 [(210, 1),
  (223, 1),
  (239, 1),
  (387, 1),
  (718, 1),
  (719, 1),
  (721, 1),
  (733, 1)],
 [(210, 1),
  (223, 1),
  (239, 1),
  (387, 1),
  (718, 1),
  (719, 1),
  (721, 1),
  (742, 1)],
 [(210, 1),
  (223, 1),
  (239, 1),
  (387, 1),
  (718, 1),
  (719, 1),
  (721, 1),
  (723, 1),
  (740, 1),
  (741, 1)],
 [(210, 1),
  (223, 1),
  (239, 1),
  (387, 1),
  (718, 1),
  (719, 1),
  (721, 1),
  (735, 1),
  (750, 1)],
 [(210, 1),
  (223, 1),
  (239, 1),
  (387, 1),
  (718, 1),
  (719, 1),
  (721, 1),
  (738, 1),
  (751, 1)],
 [(210, 1),
  (223, 1),
  (239, 1),
  (387, 1),
  (718, 1),
  (719, 1),
  (721, 1),
  (737, 1),
  (740, 1),
  (741, 1)],
 [(210, 1),
  (223, 1),
  (239, 1),
  (387, 1),
  (718, 1),
  (719, 1),
  (721, 1),
  (737, 1)],
 [(210, 1),
  (223, 1),
  (239, 1),
  (387, 1),
  (718, 1),
  (719, 1),
  (721, 1),
  (733, 1),
  (748, 1),
  (749, 1)],
 [(210, 1),
  (223, 1),
  (239, 1),
  (387, 1),
  (718, 1),
  (719, 1),
  (721, 1),
  (730, 1)],
 [(210, 1),
  (223, 1),
  (239, 1),
  (387, 1),
  (718, 1),
  (719, 1),
  (721, 1),
  (723, 1),
  (752, 1),
  (753, 1)],
 [(210, 1),
  (223, 1),
  (239, 1),
  (387, 1),
  (718, 1),
  (719, 1),
  (721, 1),
  (730, 1),
  (754, 1)],
 [(210, 1),
  (223, 1),
  (239, 1),
  (387, 1),
  (718, 1),
  (719, 1),
  (720, 1),
  (721, 1)],
 [(210, 1),
  (223, 1),
  (239, 1),
  (387, 1),
  (718, 1),
  (719, 1),
  (721, 1),
  (737, 1),
  (755, 1),
  (756, 1)],
 [(210, 1),
  (223, 1),
  (239, 1),
  (387, 1),
  (718, 1),
  (719, 1),
  (721, 1),
  (723, 1),
  (753, 1),
  (757, 1)],
 [(210, 1),
  (223, 1),
  (239, 1),
  (387, 1),
  (718, 1),
  (719, 1),
  (721, 1),
  (733, 1),
  (758, 1)],
 [(210, 1),
  (223, 1),
  (239, 1),
  (387, 1),
  (718, 1),
  (719, 1),
  (721, 1),
  (759, 1)],
 [(210, 1),
  (223, 1),
  (239, 1),
  (387, 1),
  (718, 1),
  (719, 1),
  (721, 1),
  (737, 1),
  (755, 1),
  (756, 1)],
 [(210, 1),
  (223, 1),
  (239, 1),
  (387, 1),
  (718, 1),
  (719, 1),
  (721, 1),
  (723, 1),
  (727, 1),
  (760, 1)],
 [(210, 1),
  (223, 1),
  (239, 1),
  (387, 1),
  (718, 1),
  (719, 1),
  (721, 1),
  (742, 1)],
 [(210, 1),
  (223, 1),
  (239, 1),
  (387, 1),
  (718, 1),
  (719, 1),
  (721, 1),
  (723, 1)],
 [(210, 1),
  (223, 1),
  (239, 1),
  (387, 1),
  (718, 1),
  (719, 1),
  (721, 1),
  (723, 1),
  (747, 1)],
 [(210, 1),
  (223, 1),
  (239, 1),
  (387, 1),
  (718, 1),
  (719, 1),
  (721, 1),
  (730, 1)],
 [(210, 1),
  (223, 1),
  (239, 1),
  (387, 1),
  (718, 1),
  (719, 1),
  (721, 1),
  (735, 1),
  (761, 1)],
 [(210, 1),
  (223, 1),
  (239, 1),
  (387, 1),
  (718, 1),
  (719, 1),
  (721, 1),
  (726, 1)],
 [(210, 1),
  (223, 1),
  (239, 1),
  (387, 1),
  (718, 1),
  (719, 1),
  (721, 1),
  (735, 1),
  (752, 1),
  (753, 1)],
 [(210, 1),
  (223, 1),
  (239, 1),
  (387, 1),
  (718, 1),
  (719, 1),
  (721, 1),
  (738, 1)],
 [(210, 1),
  (223, 1),
  (239, 1),
  (387, 1),
  (718, 1),
  (719, 1),
  (721, 1),
  (737, 1),
  (745, 1),
  (746, 1)],
 [(210, 1),
  (223, 1),
  (239, 1),
  (387, 1),
  (718, 1),
  (719, 1),
  (721, 1),
  (730, 1)],
 [(210, 1),
  (223, 1),
  (239, 1),
  (387, 1),
  (718, 1),
  (719, 1),
  (721, 1),
  (722, 1),
  (730, 1),
  (762, 1)],
 [(210, 1),
  (223, 1),
  (239, 1),
  (387, 1),
  (718, 1),
  (719, 1),
  (721, 1),
  (735, 1)],
 [(210, 1),
  (223, 1),
  (239, 1),
  (387, 1),
  (718, 1),
  (719, 1),
  (721, 1),
  (742, 1),
  (763, 1)],
 [(210, 1),
  (223, 1),
  (239, 1),
  (387, 1),
  (718, 1),
  (719, 1),
  (721, 1),
  (738, 1),
  (764, 1),
  (765, 1)],
 [(210, 1),
  (223, 1),
  (239, 1),
  (387, 1),
  (718, 1),
  (719, 1),
  (721, 1),
  (723, 1)],
 [(210, 1),
  (223, 1),
  (239, 1),
  (387, 1),
  (718, 1),
  (719, 1),
  (721, 1),
  (738, 1)],
 [(210, 1),
  (223, 1),
  (239, 1),
  (387, 1),
  (718, 1),
  (719, 1),
  (721, 1),
  (726, 1),
  (750, 1),
  (766, 1)],
 [(210, 1),
  (223, 1),
  (239, 1),
  (387, 1),
  (718, 1),
  (719, 1),
  (721, 1),
  (735, 1),
  (761, 1)],
 [(210, 1),
  (223, 1),
  (239, 1),
  (324, 1),
  (387, 1),
  (718, 1),
  (719, 1),
  (721, 1),
  (730, 1)],
 [(210, 1),
  (223, 1),
  (239, 1),
  (387, 1),
  (718, 1),
  (719, 1),
  (721, 1),
  (733, 1),
  (758, 1)],
 [(210, 1),
  (223, 1),
  (239, 1),
  (387, 1),
  (718, 1),
  (719, 1),
  (721, 1),
  (726, 1),
  (745, 1),
  (746, 1)],
 [(210, 1),
  (223, 1),
  (239, 1),
  (387, 1),
  (718, 1),
  (719, 1),
  (721, 1),
  (748, 1),
  (749, 1),
  (759, 1)],
 [(210, 1),
  (223, 1),
  (239, 1),
  (387, 1),
  (718, 1),
  (719, 1),
  (721, 1),
  (738, 1)],
 [(210, 1),
  (223, 1),
  (239, 1),
  (387, 1),
  (718, 1),
  (719, 1),
  (721, 1),
  (727, 1),
  (728, 1),
  (735, 1)],
 [(210, 1),
  (223, 1),
  (239, 1),
  (387, 1),
  (718, 1),
  (719, 1),
  (721, 1),
  (723, 1)],
 [(210, 1),
  (223, 1),
  (239, 1),
  (387, 1),
  (718, 1),
  (719, 1),
  (720, 1),
  (721, 1)],
 [(210, 1),
  (223, 1),
  (239, 1),
  (387, 1),
  (718, 1),
  (719, 1),
  (721, 1),
  (759, 1),
  (767, 1),
  (768, 1)],
 [(210, 1),
  (223, 1),
  (239, 1),
  (387, 1),
  (718, 1),
  (719, 1),
  (721, 1),
  (722, 1),
  (735, 1)],
 [(210, 1),
  (223, 1),
  (239, 1),
  (387, 1),
  (718, 1),
  (719, 1),
  (721, 1),
  (728, 1),
  (733, 1)],
 [(210, 1),
  (223, 1),
  (239, 1),
  (387, 1),
  (718, 1),
  (719, 1),
  (721, 1),
  (730, 1)],
 [(210, 1),
  (223, 1),
  (239, 1),
  (387, 1),
  (718, 1),
  (719, 1),
  (721, 1),
  (742, 1),
  (769, 1),
  (770, 1)],
 [(210, 1),
  (223, 1),
  (239, 1),
  (387, 1),
  (718, 1),
  (719, 1),
  (721, 1),
  (730, 1),
  (771, 1)],
 [(210, 1),
  (223, 1),
  (239, 1),
  (387, 1),
  (718, 1),
  (719, 1),
  (721, 1),
  (733, 1)],
 [(210, 1),
  (223, 1),
  (239, 1),
  (387, 1),
  (718, 1),
  (719, 1),
  (720, 1),
  (721, 1),
  (724, 1),
  (725, 1)],
 [(210, 1),
  (223, 1),
  (239, 1),
  (387, 1),
  (718, 1),
  (719, 1),
  (721, 1),
  (726, 1)],
 [(210, 1),
  (223, 1),
  (239, 1),
  (387, 1),
  (718, 1),
  (719, 1),
  (721, 1),
  (759, 1),
  (772, 1),
  (773, 1)],
 [(210, 1),
  (223, 1),
  (239, 1),
  (387, 1),
  (718, 1),
  (719, 1),
  (721, 1),
  (726, 1),
  (774, 1)],
 [(210, 1),
  (223, 1),
  (239, 1),
  (387, 1),
  (718, 1),
  (719, 1),
  (721, 1),
  (759, 1)],
 [(210, 1),
  (223, 1),
  (239, 1),
  (387, 1),
  (718, 1),
  (719, 1),
  (721, 1),
  (735, 1),
  (775, 1),
  (776, 1)],
 [(210, 1),
  (223, 1),
  (239, 1),
  (387, 1),
  (718, 1),
  (719, 1),
  (721, 1),
  (737, 1),
  (750, 1),
  (766, 1)],
 [(210, 1),
  (223, 1),
  (239, 1),
  (387, 1),
  (718, 1),
  (719, 1),
  (721, 1),
  (737, 1)],
 [(210, 1),
  (223, 1),
  (239, 1),
  (387, 1),
  (718, 1),
  (719, 1),
  (721, 1),
  (752, 1),
  (753, 1),
  (759, 1)],
 [(210, 1),
  (223, 1),
  (239, 1),
  (387, 1),
  (718, 1),
  (719, 1),
  (721, 1),
  (742, 1)],
 [(210, 1),
  (223, 1),
  (239, 1),
  (387, 1),
  (718, 1),
  (719, 1),
  (721, 1),
  (738, 1),
  (739, 1)],
 [(210, 1),
  (223, 1),
  (239, 1),
  (387, 1),
  (718, 1),
  (719, 1),
  (721, 1),
  (726, 1),
  (767, 1)],
 [(210, 1),
  (223, 1),
  (239, 1),
  (387, 1),
  (718, 1),
  (719, 1),
  (721, 1),
  (733, 1),
  (777, 1)],
 [(210, 1),
  (223, 1),
  (239, 1),
  (387, 1),
  (562, 1),
  (718, 1),
  (719, 1),
  (720, 1),
  (721, 1)],
 [(210, 1),
  (223, 1),
  (239, 1),
  (387, 1),
  (718, 1),
  (719, 1),
  (721, 1),
  (730, 1)],
 [(210, 1),
  (223, 1),
  (239, 1),
  (387, 1),
  (718, 1),
  (719, 1),
  (720, 1),
  (721, 1)],
 [(210, 1),
  (223, 1),
  (239, 1),
  (387, 1),
  (718, 1),
  (719, 1),
  (720, 1),
  (721, 1)],
 [(210, 1),
  (223, 1),
  (239, 1),
  (387, 1),
  (718, 1),
  (719, 1),
  (721, 1),
  (733, 1),
  (767, 1)],
 [(210, 1),
  (223, 1),
  (239, 1),
  (387, 1),
  (718, 1),
  (719, 1),
  (721, 1),
  (737, 1)],
 [(210, 1),
  (223, 1),
  (239, 1),
  (387, 1),
  (718, 1),
  (719, 1),
  (721, 1),
  (742, 1)],
 [(210, 1),
  (223, 1),
  (239, 1),
  (387, 1),
  (718, 1),
  (719, 1),
  (721, 1),
  (737, 1),
  (767, 1),
  (768, 1)],
 [(210, 1),
  (223, 1),
  (239, 1),
  (387, 1),
  (718, 1),
  (719, 1),
  (721, 1),
  (759, 1)],
 [(210, 1),
  (223, 1),
  (239, 1),
  (387, 1),
  (718, 1),
  (719, 1),
  (721, 1),
  (737, 1)],
 [(210, 1),
  (223, 1),
  (239, 1),
  (387, 1),
  (718, 1),
  (719, 1),
  (721, 1),
  (733, 1)],
 [(210, 1),
  (223, 1),
  (239, 1),
  (387, 1),
  (718, 1),
  (719, 1),
  (721, 1),
  (738, 1),
  (753, 1),
  (778, 1)],
 [(210, 1),
  (223, 1),
  (239, 1),
  (387, 1),
  (718, 1),
  (719, 1),
  (721, 1),
  (726, 1),
  (777, 1)],
 [(210, 1),
  (223, 1),
  (239, 1),
  (387, 1),
  (718, 1),
  (719, 1),
  (721, 1),
  (723, 1),
  (754, 1),
  (779, 1)],
 [(210, 1),
  (223, 1),
  (239, 1),
  (387, 1),
  (718, 1),
  (719, 1),
  (721, 1),
  (723, 1)],
 [(210, 1),
  (223, 1),
  (239, 1),
  (387, 1),
  (718, 1),
  (719, 1),
  (721, 1),
  (730, 1)],
 [(210, 1),
  (223, 1),
  (239, 1),
  (387, 1),
  (718, 1),
  (719, 1),
  (721, 1),
  (755, 1),
  (756, 1),
  (759, 1)],
 [(210, 1),
  (223, 1),
  (239, 1),
  (387, 1),
  (718, 1),
  (719, 1),
  (721, 1),
  (726, 1),
  (774, 1)],
 [(210, 1),
  (223, 1),
  (239, 1),
  (387, 1),
  (718, 1),
  (719, 1),
  (721, 1),
  (738, 1),
  (780, 1),
  (781, 1)],
 [(210, 1),
  (223, 1),
  (239, 1),
  (387, 1),
  (718, 1),
  (719, 1),
  (721, 1),
  (742, 1),
  (764, 1),
  (765, 1)],
 [(210, 1),
  (223, 1),
  (239, 1),
  (387, 1),
  (718, 1),
  (719, 1),
  (721, 1),
  (737, 1)],
 [(210, 1),
  (223, 1),
  (239, 1),
  (387, 1),
  (718, 1),
  (719, 1),
  (721, 1),
  (742, 1),
  (754, 1),
  (779, 1)],
 [(210, 1),
  (223, 1),
  (239, 1),
  (387, 1),
  (718, 1),
  (719, 1),
  (721, 1),
  (759, 1)],
 [(210, 1),
  (223, 1),
  (239, 1),
  (387, 1),
  (718, 1),
  (719, 1),
  (721, 1),
  (723, 1)],
 [(210, 1),
  (223, 1),
  (239, 1),
  (387, 1),
  (718, 1),
  (719, 1),
  (721, 1),
  (738, 1)],
 [(210, 1),
  (223, 1),
  (239, 1),
  (387, 1),
  (718, 1),
  (719, 1),
  (721, 1),
  (737, 1)],
 [(210, 1),
  (223, 1),
  (239, 1),
  (387, 1),
  (718, 1),
  (719, 1),
  (721, 1),
  (733, 1),
  (781, 1),
  (782, 1)],
 [(210, 1),
  (223, 1),
  (239, 1),
  (387, 1),
  (718, 1),
  (719, 1),
  (721, 1),
  (728, 1),
  (735, 1),
  (760, 1)],
 [(210, 1),
  (223, 1),
  (239, 1),
  (387, 1),
  (718, 1),
  (719, 1),
  (721, 1),
  (733, 1),
  (783, 1)],
 [(210, 1),
  (223, 1),
  (239, 1),
  (387, 1),
  (718, 1),
  (719, 1),
  (721, 1),
  (759, 1),
  (784, 1),
  (785, 1)],
 [(210, 1),
  (223, 1),
  (239, 1),
  (387, 1),
  (718, 1),
  (719, 1),
  (721, 1),
  (733, 1),
  (748, 1),
  (749, 1)],
 [(210, 1),
  (223, 1),
  (239, 1),
  (387, 1),
  (718, 1),
  (719, 1),
  (720, 1),
  (721, 1),
  (786, 1)],
 [(210, 1),
  (223, 1),
  (239, 1),
  (387, 1),
  (718, 1),
  (719, 1),
  (721, 1),
  (735, 1),
  (787, 1)],
 [(210, 1),
  (223, 1),
  (239, 1),
  (387, 1),
  (718, 1),
  (719, 1),
  (721, 1),
  (759, 1)],
 [(210, 1),
  (223, 1),
  (239, 1),
  (387, 1),
  (718, 1),
  (719, 1),
  (721, 1),
  (729, 1),
  (742, 1),
  (743, 1)],
 [(210, 1),
  (223, 1),
  (239, 1),
  (387, 1),
  (718, 1),
  (719, 1),
  (720, 1),
  (721, 1),
  (753, 1),
  (757, 1)],
 [(210, 1),
  (223, 1),
  (239, 1),
  (387, 1),
  (718, 1),
  (719, 1),
  (721, 1),
  (723, 1)],
 [(210, 1),
  (223, 1),
  (239, 1),
  (387, 1),
  (718, 1),
  (719, 1),
  (721, 1),
  (737, 1),
  (767, 1)],
 [(210, 1),
  (223, 1),
  (239, 1),
  (387, 1),
  (718, 1),
  (719, 1),
  (721, 1),
  (759, 1)],
 [(210, 1),
  (223, 1),
  (239, 1),
  (387, 1),
  (718, 1),
  (719, 1),
  (721, 1),
  (735, 1),
  (772, 1),
  (773, 1)],
 [(210, 1),
  (223, 1),
  (239, 1),
  (387, 1),
  (718, 1),
  (719, 1),
  (721, 1),
  (723, 1),
  (762, 1)],
 [(210, 1),
  (223, 1),
  (239, 1),
  (387, 1),
  (718, 1),
  (719, 1),
  (721, 1),
  (738, 1)],
 [(210, 1),
  (223, 1),
  (239, 1),
  (387, 1),
  (718, 1),
  (719, 1),
  (721, 1),
  (735, 1)],
 [(210, 1),
  (223, 1),
  (239, 1),
  (387, 1),
  (718, 1),
  (719, 1),
  (721, 1),
  (738, 1)],
 [(210, 1),
  (223, 1),
  (239, 1),
  (387, 1),
  (718, 1),
  (719, 1),
  (721, 1),
  (726, 1),
  (748, 1),
  (749, 1)],
 [(210, 1),
  (223, 1),
  (239, 1),
  (387, 1),
  (718, 1),
  (719, 1),
  (721, 1),
  (738, 1),
  (788, 1)],
 [(210, 1),
  (223, 1),
  (239, 1),
  (387, 1),
  (718, 1),
  (719, 1),
  (721, 1),
  (738, 1),
  (755, 1),
  (756, 1)],
 [(210, 1),
  (223, 1),
  (239, 1),
  (387, 1),
  (718, 1),
  (719, 1),
  (721, 1),
  (730, 1),
  (761, 1)],
 [(210, 1),
  (223, 1),
  (239, 1),
  (387, 1),
  (718, 1),
  (719, 1),
  (721, 1),
  (738, 1)],
 [(210, 1),
  (223, 1),
  (239, 1),
  (387, 1),
  (718, 1),
  (719, 1),
  (721, 1),
  (730, 1),
  (767, 1),
  (768, 1)],
 [(210, 1),
  (223, 1),
  (239, 1),
  (387, 1),
  (718, 1),
  (719, 1),
  (721, 1),
  (737, 1),
  (767, 1)],
 [(210, 1),
  (223, 1),
  (239, 1),
  (387, 1),
  (718, 1),
  (719, 1),
  (720, 1),
  (721, 1)],
 [(210, 1),
  (223, 1),
  (239, 1),
  (387, 1),
  (718, 1),
  (719, 1),
  (721, 1),
  (742, 1),
  (785, 1)],
 [(210, 1),
  (223, 1),
  (239, 1),
  (387, 1),
  (718, 1),
  (719, 1),
  (721, 1),
  (726, 1),
  (784, 1)],
 [(210, 1),
  (223, 1),
  (239, 1),
  (387, 1),
  (718, 1),
  (719, 1),
  (721, 1),
  (737, 1)],
 [(210, 1),
  (223, 1),
  (239, 1),
  (387, 1),
  (718, 1),
  (719, 1),
  (721, 1),
  (735, 1)],
 [(210, 1),
  (223, 1),
  (239, 1),
  (387, 1),
  (718, 1),
  (719, 1),
  (721, 1),
  (742, 1)],
 [(210, 1),
  (223, 1),
  (239, 1),
  (387, 1),
  (718, 1),
  (719, 1),
  (721, 1),
  (737, 1),
  (771, 1)],
 [(210, 1),
  (223, 1),
  (239, 1),
  (387, 1),
  (718, 1),
  (719, 1),
  (721, 1),
  (733, 1),
  (788, 1)],
 [(210, 1),
  (223, 1),
  (239, 1),
  (387, 1),
  (718, 1),
  (719, 1),
  (721, 1),
  (742, 1),
  (763, 1)],
 [(210, 1),
  (223, 1),
  (239, 1),
  (387, 1),
  (718, 1),
  (719, 1),
  (721, 1),
  (723, 1),
  (745, 1),
  (746, 1)],
 [(210, 1),
  (223, 1),
  (239, 1),
  (387, 1),
  (718, 1),
  (719, 1),
  (721, 1),
  (733, 1),
  (782, 1)],
 [(210, 1),
  (223, 1),
  (239, 1),
  (387, 1),
  (718, 1),
  (719, 1),
  (721, 1),
  (759, 1),
  (789, 1)],
 [(210, 1),
  (223, 1),
  (239, 1),
  (387, 1),
  (718, 1),
  (719, 1),
  (721, 1),
  (735, 1),
  (753, 1),
  (778, 1)],
 [(210, 1),
  (223, 1),
  (239, 1),
  (387, 1),
  (718, 1),
  (719, 1),
  (721, 1),
  (733, 1)],
 [(210, 1),
  (223, 1),
  (239, 1),
  (387, 1),
  (718, 1),
  (719, 1),
  (721, 1),
  (735, 1),
  (787, 1)],
 [(210, 1),
  (223, 1),
  (239, 1),
  (387, 1),
  (718, 1),
  (719, 1),
  (721, 1),
  (733, 1),
  (780, 1)],
 [(210, 1),
  (223, 1),
  (239, 1),
  (387, 1),
  (718, 1),
  (719, 1),
  (721, 1),
  (742, 1),
  (769, 1),
  (770, 1)],
 [(210, 1),
  (223, 1),
  (239, 1),
  (387, 1),
  (718, 1),
  (719, 1),
  (721, 1),
  (737, 1),
  (775, 1),
  (776, 1)],
 [(210, 1),
  (223, 1),
  (239, 1),
  (387, 1),
  (718, 1),
  (719, 1),
  (721, 1),
  (735, 1)],
 [(210, 1),
  (223, 1),
  (239, 1),
  (387, 1),
  (718, 1),
  (719, 1),
  (720, 1),
  (721, 1),
  (789, 1)],
 [(210, 1),
  (223, 1),
  (239, 1),
  (387, 1),
  (718, 1),
  (719, 1),
  (720, 1),
  (721, 1),
  (767, 1)],
 [(210, 1),
  (223, 1),
  (239, 1),
  (387, 1),
  (718, 1),
  (719, 1),
  (721, 1),
  (737, 1),
  (748, 1),
  (749, 1)],
 [(210, 1),
  (223, 1),
  (239, 1),
  (387, 1),
  (718, 1),
  (719, 1),
  (721, 1),
  (730, 1),
  (775, 1),
  (776, 1)],
 [(210, 1),
  (223, 1),
  (239, 1),
  (387, 1),
  (718, 1),
  (719, 1),
  (721, 1),
  (735, 1)],
 [(210, 1),
  (223, 1),
  (239, 1),
  (387, 1),
  (718, 1),
  (719, 1),
  (721, 1),
  (726, 1),
  (744, 1)],
 [(210, 1),
  (223, 1),
  (239, 1),
  (387, 1),
  (718, 1),
  (719, 1),
  (721, 1),
  (726, 1)],
 [(210, 1),
  (223, 1),
  (239, 1),
  (387, 1),
  (718, 1),
  (719, 1),
  (721, 1),
  (737, 1)],
 [(210, 1),
  (223, 1),
  (239, 1),
  (387, 1),
  (718, 1),
  (719, 1),
  (721, 1),
  (733, 1)],
 [(210, 1),
  (223, 1),
  (239, 1),
  (387, 1),
  (718, 1),
  (719, 1),
  (721, 1),
  (726, 1),
  (786, 1)],
 [(210, 1),
  (223, 1),
  (239, 1),
  (387, 1),
  (718, 1),
  (719, 1),
  (721, 1),
  (759, 1)],
 [(210, 1),
  (223, 1),
  (239, 1),
  (387, 1),
  (718, 1),
  (719, 1),
  (721, 1),
  (723, 1)],
 [(210, 1),
  (223, 1),
  (239, 1),
  (387, 1),
  (718, 1),
  (719, 1),
  (721, 1),
  (730, 1),
  (760, 1)],
 [(223, 2),
  (241, 1),
  (246, 1),
  (332, 1),
  (790, 1),
  (791, 1),
  (792, 1),
  (793, 1),
  (794, 1)],
 [(264, 1),
  (795, 1),
  (796, 1),
  (797, 1),
  (798, 1),
  (799, 1),
  (800, 1),
  (801, 1),
  (802, 1)],
 [(294, 1),
  (330, 1),
  (803, 1),
  (804, 1),
  (805, 1),
  (806, 1),
  (807, 1),
  (808, 1)],
 [(283, 1), (809, 1), (810, 1), (811, 1), (812, 1), (813, 1)],
 [(312, 1),
  (348, 1),
  (814, 1),
  (815, 1),
  (816, 1),
  (817, 1),
  (818, 1),
  (819, 1)],
 [(246, 1),
  (311, 1),
  (330, 1),
  (820, 1),
  (821, 1),
  (822, 1),
  (823, 1),
  (824, 1),
  (825, 1)],
 [(223, 1),
  (261, 1),
  (796, 1),
  (799, 1),
  (800, 1),
  (801, 1),
  (826, 1),
  (827, 1),
  (828, 1)],
 [(214, 1), (223, 1), (256, 1), (829, 1), (830, 1), (831, 1)],
 [(256, 1),
  (330, 1),
  (473, 1),
  (809, 1),
  (830, 1),
  (832, 1),
  (833, 1),
  (834, 1)],
 [(52, 1), (239, 1), (246, 1), (330, 1), (793, 1), (830, 1), (835, 1)],
 [(214, 1),
  (246, 1),
  (270, 1),
  (352, 1),
  (408, 1),
  (793, 1),
  (836, 1),
  (837, 1),
  (838, 1)],
 [(214, 1),
  (241, 1),
  (252, 1),
  (279, 1),
  (839, 1),
  (840, 1),
  (841, 1),
  (842, 1),
  (843, 1)],
 [(214, 1), (279, 1), (844, 1), (845, 1), (846, 1), (847, 1), (848, 1)],
 [(294, 1), (807, 1), (849, 1), (850, 1), (851, 1), (852, 1), (853, 1)],
 [(241, 1),
  (854, 1),
  (855, 1),
  (856, 1),
  (857, 1),
  (858, 1),
  (859, 1),
  (860, 1)],
 [(826, 1), (827, 1), (861, 1), (862, 1), (863, 1), (864, 1)],
 [(214, 1),
  (270, 1),
  (272, 1),
  (330, 1),
  (346, 1),
  (804, 1),
  (805, 1),
  (812, 1),
  (865, 1),
  (866, 1)],
 [(222, 1),
  (264, 1),
  (294, 1),
  (343, 1),
  (807, 1),
  (818, 1),
  (867, 1),
  (868, 1),
  (869, 1)],
 [(241, 1),
  (330, 1),
  (473, 1),
  (832, 1),
  (833, 1),
  (847, 1),
  (870, 1),
  (871, 1)],
 [(222, 1), (314, 1), (343, 1), (869, 1), (872, 1), (873, 1), (874, 1)],
 [(241, 2),
  (246, 1),
  (822, 1),
  (823, 1),
  (875, 1),
  (876, 1),
  (877, 1),
  (878, 1)],
 [(795, 1),
  (797, 1),
  (802, 1),
  (860, 1),
  (879, 1),
  (880, 1),
  (881, 1),
  (882, 1)],
 [(241, 1),
  (330, 2),
  (800, 1),
  (847, 1),
  (870, 1),
  (871, 1),
  (883, 1),
  (884, 1)],
 [(214, 1), (264, 1), (279, 1), (818, 1), (848, 1), (860, 1)],
 [(215, 1),
  (223, 1),
  (241, 1),
  (261, 1),
  (319, 1),
  (839, 1),
  (885, 1),
  (886, 1),
  (887, 1),
  (888, 1)],
 [(223, 2),
  (408, 1),
  (820, 1),
  (841, 1),
  (842, 1),
  (889, 1),
  (890, 1),
  (891, 1),
  (892, 1),
  (893, 1)],
 [(214, 1),
  (267, 1),
  (330, 1),
  (473, 1),
  (812, 1),
  (832, 1),
  (833, 1),
  (841, 1),
  (894, 1),
  (895, 1),
  (896, 1),
  (897, 1)],
 [(215, 1),
  (223, 1),
  (233, 1),
  (241, 1),
  (261, 1),
  (266, 1),
  (319, 1),
  (898, 1)],
 [(872, 1), (899, 1), (900, 1)],
 [(241, 1), (252, 1), (841, 1), (901, 1), (902, 1)],
 [(223, 1),
  (241, 1),
  (796, 1),
  (799, 1),
  (800, 1),
  (801, 1),
  (842, 1),
  (890, 1),
  (903, 1)],
 [(241, 1), (861, 1), (863, 1), (904, 1)],
 [(241, 1), (826, 1), (870, 1), (905, 1), (906, 1), (907, 1)],
 [(52, 1),
  (225, 1),
  (239, 1),
  (314, 1),
  (381, 1),
  (830, 1),
  (835, 1),
  (873, 1)],
 [(330, 1), (843, 1), (850, 1), (851, 1), (908, 1), (909, 1)],
 [(214, 2),
  (352, 1),
  (856, 1),
  (857, 1),
  (910, 1),
  (911, 1),
  (912, 1),
  (913, 1),
  (914, 1)],
 [(223, 1),
  (261, 1),
  (828, 1),
  (845, 1),
  (847, 1),
  (903, 1),
  (915, 1),
  (916, 1)],
 [(314, 1), (790, 1), (873, 1), (917, 1), (918, 1), (919, 1)],
 [(89, 1), (241, 1), (809, 1), (813, 1), (920, 1), (921, 1)],
 [(312, 1), (793, 1), (817, 1), (819, 1), (843, 1), (922, 1), (923, 1)],
 [(301, 1), (348, 1), (841, 1), (894, 1), (924, 1), (925, 1)],
 [(841, 1), (926, 1), (927, 1), (928, 1), (929, 1), (930, 1), (931, 1)],
 [(177, 2), (858, 1), (859, 1), (860, 1), (932, 1), (933, 2)],
 [(241, 1),
  (354, 1),
  (934, 1),
  (935, 1),
  (936, 1),
  (937, 1),
  (938, 1),
  (939, 1)],
 [(241, 1), (316, 1), (843, 1), (917, 1), (919, 1), (922, 1), (940, 1)],
 [(241, 1),
  (272, 1),
  (352, 1),
  (866, 1),
  (903, 2),
  (904, 1),
  (915, 1),
  (916, 1)],
 [(246, 1),
  (800, 1),
  (801, 1),
  (941, 1),
  (942, 1),
  (943, 1),
  (944, 1),
  (945, 1),
  (946, 1)],
 [(241, 1),
  (316, 1),
  (841, 1),
  (894, 1),
  (924, 1),
  (925, 1),
  (940, 1),
  (947, 1)],
 [(354, 1), (422, 1), (936, 1), (939, 1), (948, 1), (949, 1)],
 [(149, 1),
  (217, 1),
  (223, 1),
  (854, 1),
  (950, 1),
  (951, 1),
  (952, 1),
  (953, 1)],
 [(224, 1),
  (241, 1),
  (847, 1),
  (870, 1),
  (871, 1),
  (885, 1),
  (954, 1),
  (955, 1)],
 [(217, 1), (241, 1), (875, 1), (878, 1), (953, 1), (956, 1), (957, 1)],
 [(214, 1), (809, 1), (880, 1), (886, 1), (890, 1), (958, 1)],
 [(223, 1),
  (812, 1),
  (841, 1),
  (842, 1),
  (890, 1),
  (894, 1),
  (895, 1),
  (897, 1),
  (959, 1),
  (960, 1)],
 [(207, 1),
  (220, 1),
  (271, 1),
  (380, 1),
  (797, 1),
  (961, 1),
  (962, 1),
  (963, 1),
  (964, 1),
  (965, 1)],
 [(214, 1), (279, 1), (409, 1), (848, 1), (966, 1), (967, 1), (968, 1)],
 [(214, 1), (352, 1), (910, 1), (913, 1), (969, 1)],
 [(241, 1), (246, 1), (812, 1), (903, 1), (916, 1), (970, 1), (971, 1)],
 [(314, 1), (873, 1), (971, 1), (972, 1)],
 [(803, 1), (806, 1), (808, 1), (844, 1), (846, 1), (973, 1)],
 [(239, 1), (241, 1), (821, 1), (825, 1), (900, 1), (974, 1), (975, 1)],
 [(207, 1),
  (348, 1),
  (797, 1),
  (803, 1),
  (806, 1),
  (808, 1),
  (860, 1),
  (965, 1)],
 [(241, 1),
  (343, 1),
  (804, 1),
  (811, 1),
  (839, 1),
  (976, 1),
  (977, 1),
  (978, 1)],
 [(804, 1), (862, 1), (864, 1), (976, 1), (979, 1), (980, 1)],
 [(214, 2), (323, 1), (352, 1), (793, 1), (910, 1), (913, 1)],
 [(241, 1), (246, 1), (793, 1), (829, 1), (831, 1), (920, 1), (921, 1)],
 [(64, 1),
  (214, 1),
  (215, 1),
  (223, 1),
  (241, 1),
  (261, 1),
  (319, 1),
  (352, 1),
  (955, 1),
  (981, 1)],
 [(233, 1),
  (241, 1),
  (843, 1),
  (922, 1),
  (982, 1),
  (983, 1),
  (984, 1),
  (985, 1)],
 [(214, 2), (324, 1), (352, 1), (881, 1), (882, 1), (986, 1), (987, 1)],
 [(212, 1),
  (214, 1),
  (223, 1),
  (279, 1),
  (940, 1),
  (988, 1),
  (989, 1),
  (990, 1),
  (991, 1)],
 [(207, 1), (246, 1), (793, 1), (797, 1), (850, 1), (851, 1), (965, 1)],
 [(212, 1),
  (214, 1),
  (224, 1),
  (235, 1),
  (279, 1),
  (842, 1),
  (885, 1),
  (954, 1)],
 [(812, 1),
  (841, 1),
  (894, 1),
  (895, 1),
  (897, 1),
  (922, 1),
  (992, 1),
  (993, 1),
  (994, 1)],
 [(246, 1),
  (793, 1),
  (851, 1),
  (879, 1),
  (995, 1),
  (996, 1),
  (997, 1),
  (998, 1)],
 [(845, 1), (847, 1), (903, 2), (999, 1), (1000, 1)],
 [(214, 1),
  (320, 1),
  (348, 1),
  (408, 1),
  (518, 1),
  (837, 1),
  (858, 1),
  (859, 1),
  (860, 1)],
 [(241, 1), (809, 1), (813, 1), (829, 1), (831, 1), (854, 1), (855, 1)],
 [(223, 1), (408, 1), (837, 1), (843, 1), (854, 1), (952, 1)],
 [(223, 1),
  (233, 1),
  (265, 1),
  (790, 1),
  (792, 1),
  (794, 1),
  (983, 1),
  (984, 1)],
 [(214, 1),
  (243, 1),
  (330, 1),
  (876, 1),
  (903, 1),
  (915, 1),
  (916, 1),
  (952, 1),
  (980, 1),
  (1001, 1)],
 [(241, 1), (316, 1), (940, 1), (969, 1)],
 [(214, 1),
  (279, 1),
  (330, 1),
  (367, 1),
  (841, 1),
  (842, 1),
  (908, 1),
  (909, 1),
  (1002, 1),
  (1003, 1),
  (1004, 1)],
 [(252, 1), (841, 1), (901, 1)],
 [(241, 1),
  (339, 1),
  (395, 1),
  (812, 1),
  (830, 1),
  (1005, 1),
  (1006, 1),
  (1007, 1),
  (1008, 1),
  (1009, 1)],
 [(214, 1),
  (223, 1),
  (261, 1),
  (267, 1),
  (828, 1),
  (896, 1),
  (1010, 1),
  (1011, 1)],
 [(223, 1),
  (241, 1),
  (261, 1),
  (828, 1),
  (940, 1),
  (988, 1),
  (1000, 1),
  (1012, 1)],
 [(223, 1),
  (330, 1),
  (800, 2),
  (801, 1),
  (848, 2),
  (884, 1),
  (943, 1),
  (945, 1),
  (946, 1)],
 [(233, 2),
  (266, 1),
  (898, 1),
  (983, 1),
  (984, 1),
  (1013, 1),
  (1014, 1),
  (1015, 1)],
 [(177, 1),
  (214, 1),
  (279, 1),
  (823, 1),
  (932, 1),
  (933, 1),
  (991, 1),
  (1016, 1)],
 [(214, 1),
  (343, 1),
  (348, 1),
  (790, 1),
  (815, 1),
  (818, 1),
  (841, 1),
  (918, 1)],
 [(223, 1),
  (241, 1),
  (332, 1),
  (791, 1),
  (821, 1),
  (825, 1),
  (1017, 1),
  (1018, 1)],
 [(241, 2), (316, 1), (940, 1), (948, 1), (1006, 1), (1007, 1), (1008, 1)],
 [(223, 1), (241, 1), (323, 1), (842, 1), (890, 1), (934, 1), (938, 1)],
 [(241, 1),
  (246, 1),
  (804, 1),
  (822, 1),
  (823, 1),
  (1000, 1),
  (1012, 1),
  (1019, 1),
  (1020, 1)],
 [(408, 1), (804, 1), (976, 1), (1021, 1), (1022, 1)],
 [(214, 1),
  (215, 1),
  (223, 1),
  (241, 1),
  (261, 1),
  (279, 1),
  (319, 1),
  (321, 1),
  (848, 1),
  (1023, 1),
  (1024, 1)],
 [(246, 1), (736, 1), (992, 1), (994, 1), (1025, 1), (1026, 1), (1027, 1)],
 [(215, 1),
  (223, 1),
  (241, 1),
  (261, 1),
  (319, 1),
  (903, 1),
  (915, 1),
  (916, 1),
  (1017, 1),
  (1018, 1)],
 [(101, 1), (814, 1), (841, 1), (859, 1), (891, 1), (1012, 1), (1028, 1)],
 [(224, 1),
  (246, 1),
  (252, 1),
  (736, 1),
  (841, 1),
  (885, 1),
  (901, 1),
  (954, 1),
  (1026, 1)],
 [(246, 1), (903, 1), (944, 1), (947, 1), (1000, 1)],
 [(214, 1),
  (264, 1),
  (279, 1),
  (798, 1),
  (841, 1),
  (842, 1),
  (850, 1),
  (851, 1)],
 [(214, 2), (518, 1), (809, 1), (886, 1), (890, 1), (973, 1)],
 [(354, 1), (800, 1), (809, 1), (813, 1), (936, 1), (939, 1), (1029, 1)],
 [(241, 1), (854, 1), (855, 1), (959, 1), (960, 1)],
 [(241, 1), (902, 1), (915, 1), (967, 1)],
 [(223, 1),
  (241, 2),
  (261, 1),
  (828, 1),
  (982, 1),
  (985, 1),
  (1030, 1),
  (1031, 1)],
 [(804, 2), (812, 1), (1019, 2), (1020, 2), (1032, 1), (1033, 1), (1034, 1)],
 [(214, 2),
  (256, 1),
  (272, 1),
  (279, 1),
  (352, 1),
  (830, 1),
  (865, 1),
  (910, 1),
  (913, 1),
  (1035, 1)],
 [(214, 1),
  (315, 1),
  (343, 1),
  (783, 1),
  (812, 1),
  (844, 1),
  (846, 1),
  (1036, 1),
  (1037, 1),
  (1038, 1)],
 [(241, 1),
  (283, 1),
  (812, 1),
  (1023, 1),
  (1024, 1),
  (1030, 1),
  (1031, 1),
  (1039, 1),
  (1040, 1)],
 [(214, 2),
  (241, 1),
  (270, 1),
  (272, 1),
  (289, 1),
  (352, 1),
  (836, 1),
  (838, 1),
  (1030, 1),
  (1031, 1),
  (1041, 1)],
 [(214, 1),
  (343, 1),
  (367, 1),
  (783, 1),
  (966, 1),
  (968, 1),
  (1002, 1),
  (1003, 1),
  (1004, 1),
  (1037, 1),
  (1038, 1)],
 [(330, 1), (967, 1), (1042, 1), (1043, 1), (1044, 1), (1045, 1)],
 [(223, 1), (384, 1), (809, 1), (834, 1), (842, 1), (890, 1), (1046, 1)],
 [(927, 1), (930, 1), (992, 1), (994, 1), (1047, 1), (1048, 1)],
 [(214, 1),
  (809, 1),
  (886, 1),
  (890, 1),
  (941, 1),
  (942, 1),
  (1025, 1),
  (1027, 1)],
 [(214, 1),
  (239, 1),
  (330, 1),
  (352, 1),
  (805, 1),
  (841, 1),
  (859, 1),
  (910, 1),
  (913, 1),
  (1012, 1)],
 [(264, 1),
  (798, 1),
  (849, 1),
  (852, 1),
  (853, 1),
  (886, 1),
  (1049, 1),
  (1050, 1)],
 [(214, 1),
  (221, 1),
  (272, 1),
  (352, 1),
  (876, 1),
  (910, 1),
  (913, 1),
  (1047, 1),
  (1048, 1)],
 [(207, 1),
  (212, 1),
  (214, 1),
  (235, 1),
  (279, 1),
  (797, 1),
  (842, 1),
  (880, 1),
  (958, 1),
  (965, 1)],
 [(224, 1), (241, 1), (854, 1), (855, 1), (885, 1), (954, 1), (1051, 1)],
 [(89, 1), (800, 1), (1029, 1), (1043, 1), (1052, 1)],
 [(330, 1), (351, 1), (422, 1), (824, 1), (922, 1), (993, 1), (1053, 1)],
 [(241, 1),
  (320, 1),
  (348, 1),
  (408, 1),
  (837, 1),
  (839, 1),
  (876, 1),
  (877, 1),
  (885, 1),
  (1054, 1),
  (1055, 1)],
 [(330, 1), (883, 1), (893, 1), (903, 1), (915, 1), (916, 1), (1056, 1)],
 [(89, 1),
  (271, 1),
  (380, 1),
  (811, 1),
  (961, 1),
  (963, 1),
  (964, 1),
  (1052, 1)],
 [(330, 1), (381, 1), (821, 1), (825, 1), (881, 1), (883, 1), (1057, 1)],
 [(372, 1), (1051, 1), (1058, 1), (1059, 1)],
 [(214, 1), (793, 1), (1010, 1), (1011, 1), (1060, 1)],
 [(220, 1),
  (223, 1),
  (261, 1),
  (275, 1),
  (845, 1),
  (847, 1),
  (962, 1),
  (1061, 1)],
 [(348, 1), (381, 1), (815, 1), (818, 1), (881, 1), (948, 1), (1057, 1)],
 [(223, 1),
  (270, 1),
  (312, 1),
  (382, 1),
  (408, 1),
  (820, 1),
  (826, 1),
  (827, 1),
  (841, 1),
  (889, 1),
  (891, 1)],
 [(241, 1),
  (252, 1),
  (839, 1),
  (840, 1),
  (880, 1),
  (958, 1),
  (1062, 1),
  (1063, 1)],
 [(28, 1), (223, 1), (261, 1), (828, 1)],
 [(223, 1),
  (241, 1),
  (332, 1),
  (791, 1),
  (1013, 1),
  (1014, 1),
  (1015, 1),
  (1060, 1)],
 [(7, 1), (214, 1), (518, 1), (935, 1), (937, 1)],
 [(214, 1), (518, 1), (941, 1), (942, 1), (1046, 1)],
 [(223, 1),
  (277, 1),
  (821, 1),
  (825, 1),
  (842, 1),
  (890, 1),
  (946, 1),
  (1064, 1),
  (1065, 1)],
 [(220, 1),
  (241, 1),
  (246, 1),
  (856, 1),
  (857, 1),
  (962, 1),
  (1012, 1),
  (1066, 1)],
 [(0, 1), (804, 1), (814, 1), (1019, 1), (1020, 1)],
 [(294, 1),
  (807, 1),
  (867, 1),
  (868, 1),
  (903, 1),
  (940, 1),
  (988, 1),
  (1000, 1)],
 [(233, 1),
  (384, 1),
  (856, 1),
  (857, 1),
  (1046, 1),
  (1054, 1),
  (1067, 1),
  (1068, 1)],
 [(215, 1),
  (223, 1),
  (241, 1),
  (261, 1),
  (283, 1),
  (319, 1),
  (812, 1),
  (956, 1),
  (957, 1),
  (1039, 1),
  (1040, 1)],
 [(223, 1),
  (261, 1),
  (339, 1),
  (828, 1),
  (830, 1),
  (1009, 1),
  (1021, 1),
  (1022, 1)],
 [(349, 1), (800, 1), (892, 1), (893, 1), (1029, 1)],
 [(214, 1), (314, 1), (793, 1), (873, 1), (917, 1)],
 [(214, 1),
  (252, 1),
  (804, 1),
  (841, 1),
  (901, 1),
  (911, 1),
  (912, 1),
  (914, 1),
  (976, 1)],
 [(214, 1),
  (272, 1),
  (346, 1),
  (804, 1),
  (865, 1),
  (866, 1),
  (892, 1),
  (893, 1),
  (1019, 1),
  (1020, 1)],
 [(294, 1), (807, 1), (811, 1), (867, 1), (868, 1), (903, 1), (1000, 1)],
 [(223, 1),
  (887, 1),
  (888, 1),
  (979, 1),
  (980, 1),
  (989, 1),
  (990, 1),
  (991, 1)],
 [(177, 1), (223, 1), (261, 1), (275, 1), (811, 1), (933, 1), (1061, 1)],
 [(223, 1),
  (330, 1),
  (790, 1),
  (792, 1),
  (794, 1),
  (824, 1),
  (955, 1),
  (1053, 1)],
 [(214, 2), (223, 1), (848, 2), (911, 1), (912, 1), (914, 1), (986, 1)],
 [(64, 1),
  (214, 1),
  (352, 1),
  (892, 1),
  (893, 1),
  (981, 1),
  (1058, 1),
  (1059, 1)],
 [(277, 1),
  (887, 1),
  (888, 1),
  (946, 1),
  (1064, 1),
  (1065, 1),
  (1069, 1),
  (1070, 1)],
 [(101, 1), (241, 1), (891, 1), (902, 1), (903, 1), (1000, 1), (1028, 1)],
 [(283, 1),
  (795, 1),
  (797, 1),
  (802, 1),
  (812, 1),
  (879, 1),
  (996, 1),
  (998, 1),
  (1039, 1),
  (1040, 1)],
 [(233, 1),
  (241, 1),
  (790, 1),
  (826, 1),
  (906, 1),
  (918, 1),
  (1054, 1),
  (1067, 1),
  (1068, 1)],
 [(214, 1),
  (279, 1),
  (841, 2),
  (842, 1),
  (879, 1),
  (894, 1),
  (924, 1),
  (925, 1),
  (996, 1),
  (998, 1)],
 [(354, 1), (814, 1), (936, 1), (939, 1), (975, 1), (1071, 1)],
 [(241, 1), (246, 1), (854, 1), (855, 1), (944, 1)],
 [(241, 1), (982, 1), (985, 1), (991, 1), (1016, 1), (1069, 1), (1070, 1)],
 [(241, 1),
  (826, 1),
  (851, 1),
  (906, 1),
  (995, 1),
  (997, 1),
  (1047, 1),
  (1048, 1)],
 [(239, 1),
  (241, 1),
  (841, 1),
  (843, 1),
  (859, 1),
  (900, 1),
  (974, 1),
  (975, 1),
  (1012, 1)],
 [(367, 1),
  (876, 1),
  (952, 1),
  (972, 1),
  (1001, 1),
  (1002, 1),
  (1003, 1),
  (1004, 1)],
 [(796, 1), (799, 1), (800, 1), (801, 1), (948, 1), (1060, 1)],
 [(246, 2), (283, 1), (793, 1), (810, 1), (812, 1), (944, 1)],
 [(246, 1),
  (283, 1),
  (315, 1),
  (812, 2),
  (944, 1),
  (1036, 1),
  (1039, 1),
  (1040, 1)],
 [(814, 1), (816, 1), (876, 1), (1025, 1), (1027, 1), (1072, 1)],
 [(241, 1), (246, 1), (1012, 1), (1055, 1), (1066, 1), (1073, 1), (1074, 1)],
 [(314, 1), (354, 1), (873, 1), (936, 1), (939, 1), (979, 1), (980, 1)],
 [(214, 1),
  (272, 1),
  (346, 1),
  (422, 1),
  (861, 1),
  (863, 1),
  (865, 1),
  (866, 1),
  (949, 1)],
 [(214, 1),
  (215, 1),
  (223, 1),
  (241, 2),
  (261, 1),
  (319, 1),
  (920, 1),
  (921, 1),
  (1014, 1)],
 [(210, 1), (241, 1), (850, 1), (851, 1), (949, 1), (1000, 1), (1012, 1)],
 [(320, 1),
  (348, 1),
  (388, 1),
  (408, 1),
  (837, 1),
  (839, 1),
  (885, 1),
  (924, 1),
  (1054, 1),
  (1055, 1),
  (1075, 1)],
 [(395, 1), (812, 1), (872, 1), (874, 1), (1005, 1)],
 [(800, 1), (886, 1), (956, 1), (957, 1), (1049, 1), (1050, 1)],
 [(367, 1),
  (812, 1),
  (941, 1),
  (942, 1),
  (970, 1),
  (1002, 1),
  (1003, 1),
  (1004, 1)],
 [(214, 1), (279, 1), (355, 1), (812, 1), (823, 1)],
 [(214, 1),
  (272, 1),
  (279, 1),
  (865, 1),
  (940, 1),
  (973, 1),
  (988, 1),
  (1035, 1)],
 [(330, 1),
  (804, 1),
  (805, 1),
  (812, 1),
  (975, 1),
  (1032, 1),
  (1033, 1),
  (1034, 1),
  (1071, 1)],
 [(149, 1), (809, 1), (834, 1), (950, 1), (951, 1), (1073, 1), (1074, 1)],
 [(223, 1),
  (274, 1),
  (315, 1),
  (812, 1),
  (969, 1),
  (1036, 1),
  (1076, 1),
  (1077, 1),
  (1078, 1)],
 [(214, 1),
  (241, 1),
  (279, 1),
  (343, 1),
  (804, 1),
  (839, 1),
  (848, 1),
  (977, 1),
  (978, 1),
  (1019, 1),
  (1020, 1)],
 [(241, 1),
  (343, 1),
  (811, 1),
  (839, 1),
  (872, 1),
  (899, 1),
  (977, 1),
  (978, 1)],
 [(388, 1), (876, 1), (905, 1), (907, 1), (924, 1), (1072, 1), (1075, 1)],
 [(214, 1),
  (343, 1),
  (783, 1),
  (992, 1),
  (994, 1),
  (1037, 1),
  (1038, 1),
  (1073, 1),
  (1074, 1)],
 [(215, 1),
  (223, 1),
  (241, 1),
  (261, 1),
  (319, 1),
  (422, 1),
  (949, 1),
  (1062, 1),
  (1063, 1)],
 [(1017, 1), (1018, 1)],
 [(223, 1),
  (241, 2),
  (252, 1),
  (261, 1),
  (348, 1),
  (751, 1),
  (839, 1),
  (840, 1),
  (934, 1),
  (938, 1),
  (986, 1)],
 [(795, 1), (797, 1), (802, 1), (893, 1), (1056, 1), (1058, 1), (1059, 1)],
 [(214, 1), (272, 1), (346, 1), (811, 1), (865, 1), (866, 1)],
 [(214, 1),
  (324, 1),
  (352, 1),
  (367, 1),
  (887, 1),
  (888, 1),
  (987, 1),
  (1002, 1),
  (1003, 1),
  (1004, 1)],
 [(214, 1),
  (324, 1),
  (352, 1),
  (841, 1),
  (926, 1),
  (928, 1),
  (929, 1),
  (931, 1),
  (987, 1)],
 [(330, 2),
  (824, 1),
  (858, 1),
  (859, 1),
  (860, 1),
  (928, 1),
  (984, 1),
  (1053, 1)],
 [(246, 1), (793, 2), (923, 1), (991, 1), (1016, 1)],
 [(207, 1),
  (395, 1),
  (797, 1),
  (812, 1),
  (965, 1),
  (1005, 1),
  (1042, 1),
  (1044, 1),
  (1045, 1)],
 [(214, 1),
  (223, 1),
  (272, 1),
  (289, 1),
  (903, 1),
  (999, 1),
  (1041, 1),
  (1076, 1),
  (1077, 1),
  (1078, 1)],
 [(214, 1),
  (272, 1),
  (283, 1),
  (289, 1),
  (314, 1),
  (812, 1),
  (873, 1),
  (1039, 1),
  (1040, 1),
  (1041, 1)]]
