[[(0, 1), (1, 1), (2, 1), (3, 1), (4, 2), (5, 1), (6, 1), (7, 1), (8, 1)],
 [(9, 1), (10, 1), (11, 1), (12, 1), (13, 1), (14, 1), (15, 1)],
 [],
 [],
 [(16, 1), (17, 1), (18, 1), (19, 1)],
 [],
 [(20, 1)],
 [(20, 1), (21, 1), (22, 3), (23, 1)],
 [(24, 1), (25, 1)],
 [(19, 1), (26, 1), (27, 1), (28, 2), (29, 1), (30, 1), (31, 1), (32, 1)],
 [(33, 1),
  (34, 1),
  (35, 1),
  (36, 1),
  (37, 1),
  (38, 1),
  (39, 1),
  (40, 1),
  (41, 1),
  (42, 1)],
 [(43, 1), (44, 1), (45, 2), (46, 1)],
 [(47, 1)],
 [(48, 1), (49, 1)],
 [],
 [(50, 1), (51, 1), (52, 1), (53, 1), (54, 1), (55, 2), (56, 1), (57, 2)],
 [(48, 1),
  (49, 2),
  (56, 1),
  (58, 1),
  (59, 1),
  (60, 1),
  (61, 1),
  (62, 1),
  (63, 1),
  (64, 1)],
 [(65, 4), (66, 1), (67, 1), (68, 4), (69, 1)],
 [(70, 1), (71, 1), (72, 1), (73, 1), (74, 1), (75, 1)],
 [(26, 1), (76, 1), (77, 1)],
 [(78, 2), (79, 2)],
 [],
 [(19, 1), (44, 1), (80, 1), (81, 1)],
 [(22, 1)],
 [(80, 1), (82, 1), (83, 1), (84, 1), (85, 1), (86, 1)],
 [(32, 1), (62, 1), (72, 1), (87, 1), (88, 1), (89, 1)],
 [(5, 1), (90, 1), (91, 1)],
 [],
 [(92, 1), (93, 1), (94, 1)],
 [(26, 1),
  (32, 1),
  (58, 1),
  (83, 1),
  (92, 1),
  (93, 1),
  (95, 1),
  (96, 1),
  (97, 2)],
 [],
 [(0, 1),
  (27, 1),
  (42, 1),
  (98, 1),
  (99, 1),
  (100, 1),
  (101, 1),
  (102, 1),
  (103, 2),
  (104, 1),
  (105, 1),
  (106, 1),
  (107, 1)],
 [(108, 1), (109, 1)],
 [(12, 1), (110, 1), (111, 1), (112, 1), (113, 1)],
 [(13, 1), (71, 1), (82, 1), (114, 1), (115, 1), (116, 1), (117, 1)],
 [(7, 1),
  (42, 1),
  (113, 1),
  (118, 1),
  (119, 1),
  (120, 1),
  (121, 1),
  (122, 1),
  (123, 1)],
 [],
 [(12, 1),
  (24, 1),
  (25, 1),
  (35, 1),
  (37, 1),
  (103, 1),
  (116, 1),
  (124, 1),
  (125, 1),
  (126, 1),
  (127, 1),
  (128, 1),
  (129, 1),
  (130, 1)],
 [(8, 1),
  (75, 1),
  (95, 1),
  (103, 1),
  (124, 1),
  (127, 1),
  (131, 1),
  (132, 1),
  (133, 1),
  (134, 1),
  (135, 1)],
 [(0, 1), (42, 1), (86, 1), (91, 1), (136, 1), (137, 1)],
 [(16, 1),
  (100, 1),
  (102, 1),
  (106, 1),
  (116, 1),
  (138, 1),
  (139, 1),
  (140, 1),
  (141, 1),
  (142, 1),
  (143, 1),
  (144, 1)],
 [(95, 1), (116, 1), (145, 2)],
 [(26, 1), (75, 1), (116, 1), (146, 1)],
 [(15, 1),
  (38, 1),
  (71, 1),
  (74, 1),
  (92, 1),
  (103, 1),
  (108, 1),
  (124, 1),
  (147, 1),
  (148, 1),
  (149, 1),
  (150, 2),
  (151, 1)],
 [(5, 1)],
 [(114, 1), (152, 1), (153, 1), (154, 1)],
 [(67, 1), (118, 2), (155, 1), (156, 1), (157, 2)],
 [(0, 1),
  (7, 1),
  (25, 1),
  (50, 2),
  (52, 1),
  (116, 1),
  (119, 1),
  (158, 1),
  (159, 1),
  (160, 1),
  (161, 2)],
 [(72, 1), (91, 1), (162, 1), (163, 1), (164, 1), (165, 1)],
 [(0, 1), (26, 1), (42, 1), (115, 1), (166, 1), (167, 1), (168, 1), (169, 1)],
 [],
 [(156, 1)],
 [],
 [(10, 1), (32, 2), (103, 1), (139, 1), (170, 1), (171, 1), (172, 1)],
 [(128, 2), (162, 1), (173, 1), (174, 1)],
 [(26, 1), (42, 1), (175, 1), (176, 2)],
 [(162, 1), (177, 1)],
 [(71, 1), (82, 1), (88, 1), (178, 1)],
 [(42, 1), (163, 1), (179, 1)],
 [(19, 1),
  (169, 1),
  (180, 1),
  (181, 1),
  (182, 1),
  (183, 1),
  (184, 1),
  (185, 1),
  (186, 1)],
 [(139, 1)],
 [(7, 1), (46, 1), (116, 1), (187, 1), (188, 1)],
 [(13, 1), (114, 1), (189, 1), (190, 1)],
 [(24, 1), (25, 1), (32, 1), (37, 1), (189, 1), (191, 1), (192, 1)],
 [],
 [(110, 1)],
 [(9, 1), (82, 1), (147, 1), (149, 1), (193, 1), (194, 1)],
 [(26, 1), (147, 1), (195, 1), (196, 1)],
 [],
 [(9, 1),
  (44, 1),
  (50, 2),
  (72, 1),
  (87, 1),
  (89, 1),
  (101, 1),
  (197, 2),
  (198, 2)],
 [(0, 1),
  (12, 1),
  (28, 1),
  (32, 2),
  (114, 1),
  (199, 2),
  (200, 1),
  (201, 1),
  (202, 2),
  (203, 1),
  (204, 1)],
 [(7, 1), (202, 1), (205, 1), (206, 1), (207, 1), (208, 2)],
 [(32, 1),
  (99, 1),
  (128, 1),
  (173, 1),
  (193, 1),
  (202, 1),
  (208, 1),
  (209, 1),
  (210, 1),
  (211, 1),
  (212, 1),
  (213, 1)],
 [(7, 1), (60, 1), (82, 1), (183, 1), (203, 1), (214, 1)],
 [(32, 1), (37, 1), (95, 1), (156, 1), (169, 1), (215, 1), (216, 2)],
 [(172, 1)],
 [(32, 1), (217, 1)],
 [(115, 1),
  (116, 1),
  (159, 1),
  (204, 1),
  (218, 1),
  (219, 1),
  (220, 1),
  (221, 2),
  (222, 1),
  (223, 1)],
 [(33, 1), (71, 1), (180, 1), (189, 1), (224, 1), (225, 1)],
 [],
 [],
 [(172, 1)],
 [(171, 1)],
 [(33, 1), (91, 1), (213, 1), (226, 2), (227, 1), (228, 1)],
 [(15, 1), (61, 1), (114, 1), (149, 1), (219, 1), (229, 1)],
 [(213, 1), (230, 1)],
 [(4, 1), (17, 1), (182, 1)],
 [(231, 1), (232, 1)],
 [],
 [(0, 1), (86, 1), (233, 1)],
 [(41, 1), (44, 1)],
 [(234, 1), (235, 1)],
 [(75, 1), (194, 1), (236, 1), (237, 1)],
 [(103, 1), (110, 1), (178, 1), (238, 1)],
 [(189, 1), (239, 1), (240, 1)],
 [(32, 2), (82, 1), (105, 1), (114, 1), (241, 1), (242, 1)],
 [(26, 1), (163, 1), (189, 1), (243, 1)],
 [(26, 1), (35, 1), (116, 1), (144, 1), (158, 1), (192, 1), (244, 1)],
 [(0, 1), (7, 1), (131, 1), (132, 1), (135, 1), (150, 2)],
 [(36, 1),
  (42, 1),
  (58, 1),
  (103, 1),
  (148, 1),
  (171, 1),
  (178, 1),
  (225, 1),
  (244, 1),
  (245, 2),
  (246, 1),
  (247, 1),
  (248, 1),
  (249, 1)],
 [(250, 1)],
 [(20, 1), (23, 1), (189, 1), (251, 1), (252, 1)],
 [(23, 1), (83, 1), (189, 1), (253, 2), (254, 1)],
 [(18, 1), (31, 2), (101, 1), (171, 1), (255, 1), (256, 1)],
 [(44, 1), (47, 1), (99, 1), (107, 2), (115, 1)],
 [(144, 1), (245, 1), (249, 1), (255, 1)],
 [],
 [(83, 1), (84, 1), (257, 1)],
 [],
 [(26, 2), (211, 1), (258, 1), (259, 2), (260, 1), (261, 1)],
 [(4, 1), (78, 2), (262, 2)],
 [(41, 1), (116, 1), (147, 1), (217, 1), (263, 1), (264, 1)],
 [(265, 1)],
 [(107, 1), (153, 1), (266, 1)],
 [(9, 1), (267, 1), (268, 1), (269, 1)],
 [(12, 1),
  (13, 1),
  (32, 3),
  (41, 1),
  (82, 1),
  (184, 1),
  (211, 2),
  (270, 1),
  (271, 1),
  (272, 1),
  (273, 1),
  (274, 2)],
 [],
 [(13, 1), (71, 1), (85, 1), (121, 1), (275, 1), (276, 1)],
 [(38, 1), (41, 1), (50, 1), (164, 2), (189, 1)],
 [(13, 1), (18, 1), (26, 1), (42, 1), (116, 1), (277, 1), (278, 1), (279, 1)],
 [],
 [(144, 1)],
 [(171, 1), (280, 1), (281, 1)],
 [(282, 1)],
 [(75, 2), (82, 1), (107, 1), (204, 1), (283, 1), (284, 1), (285, 1)],
 [(286, 1)],
 [(38, 1), (287, 1), (288, 1), (289, 1)],
 [(10, 1), (26, 1), (38, 1)],
 [(38, 2), (116, 1), (138, 1), (144, 2), (163, 1), (290, 2)],
 [(9, 1), (268, 1), (291, 1)],
 [(8, 1), (17, 1), (35, 1), (44, 1), (75, 1), (99, 1), (292, 1)],
 [(32, 1),
  (35, 1),
  (40, 1),
  (71, 1),
  (114, 2),
  (147, 1),
  (167, 1),
  (241, 1),
  (293, 1)],
 [(19, 1)],
 [(8, 1), (80, 1), (99, 1), (104, 1), (116, 1), (284, 1), (294, 1)],
 [(295, 1)],
 [(13, 1), (184, 1), (296, 1)],
 [(297, 1)],
 [(125, 1), (191, 1), (231, 1)],
 [(32, 2), (33, 1), (37, 2), (184, 1), (298, 1), (299, 1)],
 [(19, 1), (152, 1), (225, 1), (289, 1), (300, 1), (301, 1)],
 [(7, 1), (75, 1), (152, 1), (300, 1), (301, 1)],
 [(177, 1), (283, 1), (302, 1), (303, 1), (304, 1), (305, 1)],
 [(19, 1),
  (105, 1),
  (208, 1),
  (214, 1),
  (283, 1),
  (289, 1),
  (302, 1),
  (306, 1),
  (307, 1),
  (308, 1),
  (309, 1)],
 [(19, 1),
  (81, 1),
  (103, 1),
  (208, 1),
  (229, 1),
  (283, 2),
  (287, 1),
  (302, 1),
  (305, 1),
  (309, 1),
  (310, 1)],
 [(177, 1), (229, 1), (287, 1), (304, 1), (311, 1), (312, 1)],
 [],
 [(313, 1), (314, 1), (315, 1)],
 [(316, 1)],
 [],
 [(316, 1), (317, 1), (318, 1)],
 [(202, 1), (307, 1)],
 [(107, 1), (115, 1), (319, 1)],
 [(163, 1),
  (213, 1),
  (295, 1),
  (320, 2),
  (321, 1),
  (322, 1),
  (323, 1),
  (324, 1)],
 [(2, 1),
  (13, 1),
  (130, 1),
  (220, 1),
  (229, 1),
  (293, 1),
  (325, 1),
  (326, 1),
  (327, 1)],
 [(285, 1), (328, 1), (329, 1)],
 [(330, 1), (331, 1)],
 [(73, 1), (88, 1), (144, 1), (178, 1), (243, 1)],
 [(332, 1)],
 [(105, 1), (114, 1), (330, 1), (333, 1), (334, 1), (335, 1), (336, 2)],
 [(171, 1), (214, 1), (331, 1), (337, 1), (338, 1), (339, 1)],
 [],
 [(19, 1), (258, 1), (340, 1), (341, 1)],
 [(0, 1),
  (19, 1),
  (26, 1),
  (75, 1),
  (77, 2),
  (112, 1),
  (318, 1),
  (342, 1),
  (343, 1)],
 [(103, 2),
  (330, 1),
  (337, 1),
  (344, 1),
  (345, 1),
  (346, 1),
  (347, 1),
  (348, 1),
  (349, 1),
  (350, 1),
  (351, 1),
  (352, 1),
  (353, 1),
  (354, 1)],
 [(33, 1), (116, 1), (200, 1), (306, 1), (324, 1), (355, 1), (356, 1)],
 [(12, 1),
  (35, 1),
  (44, 1),
  (114, 1),
  (163, 1),
  (357, 1),
  (358, 1),
  (359, 2),
  (360, 1)],
 [(346, 1), (361, 1)],
 [(70, 1),
  (71, 1),
  (103, 1),
  (115, 1),
  (339, 1),
  (344, 1),
  (349, 1),
  (353, 1),
  (360, 1),
  (362, 1)],
 [(70, 1),
  (103, 2),
  (218, 1),
  (282, 1),
  (349, 1),
  (351, 1),
  (352, 1),
  (353, 1),
  (354, 1)],
 [(189, 1), (330, 1), (363, 1), (364, 1)],
 [(190, 1), (231, 1), (252, 1), (331, 1), (349, 1), (354, 1)],
 [(337, 1), (339, 1), (347, 1), (353, 1), (365, 1)],
 [(139, 1), (158, 1), (236, 1), (276, 1), (329, 1)],
 [(12, 1), (366, 1), (367, 1)],
 [(31, 1),
  (178, 1),
  (214, 1),
  (296, 1),
  (302, 1),
  (313, 1),
  (366, 1),
  (367, 1)],
 [(51, 1),
  (105, 1),
  (210, 1),
  (327, 1),
  (346, 1),
  (368, 1),
  (369, 1),
  (370, 1)],
 [(26, 1), (58, 1), (115, 1), (238, 1), (354, 1), (371, 1), (372, 2)],
 [(12, 1),
  (26, 1),
  (99, 1),
  (115, 1),
  (159, 1),
  (360, 1),
  (373, 1),
  (374, 1),
  (375, 1)],
 [(229, 1), (287, 1), (355, 1), (376, 2), (377, 1)],
 [(117, 1), (376, 1), (378, 1), (379, 1), (380, 1)],
 [(108, 1), (252, 1)],
 [(13, 1), (139, 1), (178, 1), (200, 1), (232, 1), (297, 1)],
 [(20, 1), (83, 4), (250, 1), (381, 2), (382, 2)],
 [(75, 2), (159, 1), (210, 1), (215, 1), (325, 1), (383, 1)],
 [(21, 1), (98, 1), (325, 1), (384, 1), (385, 1)],
 [(239, 1), (386, 1), (387, 2), (388, 1)],
 [(103, 1), (105, 1), (116, 1), (252, 1), (389, 1), (390, 1), (391, 1)],
 [(16, 1), (33, 1), (200, 1), (362, 1), (392, 1)],
 [(17, 1),
  (139, 1),
  (163, 1),
  (375, 1),
  (387, 3),
  (393, 1),
  (394, 1),
  (395, 1)],
 [(0, 1),
  (26, 1),
  (80, 1),
  (116, 1),
  (184, 1),
  (235, 1),
  (360, 1),
  (386, 1),
  (388, 1),
  (396, 1),
  (397, 2),
  (398, 1)],
 [(19, 2),
  (114, 1),
  (181, 1),
  (264, 1),
  (375, 1),
  (386, 1),
  (393, 1),
  (399, 1)],
 [],
 [],
 [(0, 1),
  (191, 1),
  (330, 1),
  (385, 1),
  (400, 1),
  (401, 1),
  (402, 1),
  (403, 1),
  (404, 1)],
 [(115, 1), (137, 1), (233, 1), (319, 1)],
 [(401, 1)],
 [(343, 1), (403, 1)],
 [(234, 1),
  (235, 1),
  (296, 1),
  (307, 2),
  (356, 2),
  (405, 1),
  (406, 1),
  (407, 1),
  (408, 1)],
 [(0, 1), (103, 1), (405, 1), (409, 1), (410, 1), (411, 2)],
 [(265, 1), (412, 1)],
 [(31, 1),
  (114, 1),
  (115, 1),
  (243, 1),
  (330, 1),
  (343, 1),
  (403, 1),
  (413, 1),
  (414, 1)],
 [(117, 1), (237, 1)],
 [(117, 1),
  (308, 1),
  (310, 1),
  (316, 1),
  (330, 1),
  (343, 1),
  (400, 1),
  (403, 1),
  (415, 1),
  (416, 1)],
 [(103, 3), (182, 1), (259, 1), (264, 1), (296, 1), (346, 1), (417, 2)],
 [(8, 1)],
 [(114, 1), (143, 1)],
 [(34, 1),
  (103, 1),
  (115, 1),
  (235, 1),
  (303, 1),
  (355, 1),
  (370, 1),
  (376, 1),
  (377, 1),
  (418, 1)],
 [(317, 1), (390, 1), (419, 1)],
 [(200, 1), (353, 1), (384, 1), (420, 1), (421, 1), (422, 1)],
 [(26, 1), (114, 1), (175, 1), (275, 1), (423, 1)],
 [(36, 1),
  (137, 1),
  (139, 1),
  (236, 1),
  (385, 1),
  (386, 1),
  (424, 1),
  (425, 1),
  (426, 1)],
 [(285, 1), (427, 1)],
 [(19, 1), (26, 1), (99, 1)],
 [(0, 1),
  (117, 1),
  (307, 1),
  (330, 1),
  (338, 2),
  (343, 1),
  (348, 1),
  (400, 2),
  (402, 1),
  (403, 1),
  (408, 1),
  (416, 1)],
 [(0, 1), (86, 1), (189, 1), (428, 2)],
 [(68, 1)],
 [(117, 1), (343, 1), (400, 2), (402, 1), (403, 1), (416, 1), (429, 1)],
 [(103, 1), (123, 1), (171, 1), (343, 1), (348, 1), (414, 1), (430, 1)],
 [(117, 1),
  (307, 1),
  (314, 1),
  (343, 1),
  (348, 1),
  (400, 1),
  (416, 1),
  (431, 1)],
 [(279, 1), (293, 1), (328, 1), (356, 1), (379, 1), (432, 1)],
 [(19, 1), (38, 1), (146, 1), (377, 1), (421, 1), (422, 1), (433, 1), (434, 1)],
 [(34, 1),
  (38, 1),
  (103, 1),
  (235, 1),
  (303, 1),
  (304, 1),
  (312, 1),
  (355, 1),
  (376, 1),
  (435, 1)],
 [(297, 1), (409, 1), (436, 1)],
 [(115, 1), (141, 1), (291, 1), (319, 1), (356, 1), (437, 1), (438, 1)],
 [(115, 1), (291, 1), (319, 1), (437, 1)],
 [(7, 1), (40, 1), (114, 1)],
 [(115, 1), (291, 1)],
 [(86, 1), (107, 1), (182, 1), (322, 1), (439, 1)],
 [(76, 1),
  (115, 1),
  (270, 1),
  (387, 4),
  (415, 1),
  (440, 1),
  (441, 1),
  (442, 1)],
 [(105, 1), (149, 1), (153, 1), (443, 2)],
 [(288, 1), (291, 1), (444, 1), (445, 1), (446, 1)],
 [(387, 2)],
 [(58, 1),
  (130, 1),
  (270, 1),
  (415, 1),
  (434, 1),
  (440, 2),
  (441, 1),
  (442, 1),
  (446, 1),
  (447, 1)],
 [],
 [(346, 1), (387, 2), (448, 1)],
 [(0, 1), (136, 1), (154, 1), (361, 1), (449, 1)],
 [(75, 1), (178, 1), (345, 1), (378, 1), (414, 1), (450, 1)],
 [(115, 1), (246, 1), (451, 1)],
 [(33, 1), (361, 1)],
 [(11, 1), (111, 1), (343, 1), (376, 1), (380, 1), (413, 1)],
 [(38, 1),
  (58, 1),
  (140, 1),
  (147, 1),
  (248, 1),
  (452, 1),
  (453, 1),
  (454, 1),
  (455, 1),
  (456, 1),
  (457, 1)],
 [(233, 1), (340, 1), (454, 1), (455, 1), (456, 1), (457, 1)],
 [(89, 1), (116, 1), (125, 1), (160, 1), (309, 1)],
 [(26, 1),
  (41, 1),
  (62, 1),
  (126, 1),
  (140, 1),
  (168, 1),
  (273, 1),
  (351, 1),
  (360, 1),
  (433, 1),
  (453, 1),
  (458, 2),
  (459, 1),
  (460, 1)],
 [(96, 1), (236, 1), (307, 1), (313, 1), (358, 1), (461, 1)],
 [(0, 1),
  (31, 1),
  (69, 1),
  (114, 1),
  (242, 1),
  (331, 1),
  (334, 1),
  (343, 1),
  (414, 3),
  (462, 1)],
 [],
 [(20, 1), (39, 1), (105, 1), (307, 1), (337, 1)],
 [(71, 1),
  (103, 1),
  (269, 1),
  (368, 1),
  (376, 1),
  (380, 1),
  (435, 1),
  (441, 1),
  (447, 1)],
 [(69, 1), (71, 1), (114, 1), (207, 1), (342, 1), (434, 1), (463, 1), (464, 1)],
 [(19, 1),
  (130, 1),
  (160, 1),
  (163, 1),
  (370, 1),
  (391, 1),
  (418, 1),
  (452, 1)],
 [(26, 1), (280, 1)],
 [(13, 1),
  (31, 2),
  (114, 1),
  (142, 1),
  (280, 1),
  (331, 1),
  (364, 1),
  (400, 1),
  (429, 2)],
 [(0, 1),
  (103, 1),
  (209, 1),
  (281, 1),
  (307, 1),
  (377, 2),
  (414, 1),
  (430, 1),
  (461, 1)],
 [(58, 1),
  (69, 1),
  (104, 1),
  (115, 1),
  (264, 1),
  (330, 1),
  (425, 1),
  (465, 1),
  (466, 1),
  (467, 1)],
 [(0, 1),
  (66, 1),
  (86, 1),
  (115, 1),
  (281, 1),
  (302, 1),
  (330, 1),
  (365, 1),
  (466, 1)],
 [(7, 1),
  (35, 1),
  (122, 1),
  (147, 1),
  (163, 1),
  (166, 1),
  (271, 1),
  (456, 1),
  (468, 1)],
 [(25, 1), (469, 1)],
 [(470, 1), (471, 1)],
 [(29, 1), (36, 1), (88, 1), (114, 1), (187, 1), (241, 1), (333, 1)],
 [(26, 1),
  (42, 1),
  (82, 1),
  (158, 1),
  (196, 1),
  (351, 1),
  (462, 1),
  (472, 1),
  (473, 1)],
 [(58, 1), (214, 1), (242, 1), (264, 1), (330, 1), (396, 1), (448, 1)],
 [(40, 1), (114, 1), (163, 1), (240, 1), (369, 1), (474, 1), (475, 1)],
 [(40, 1), (114, 1), (155, 1), (185, 1), (392, 1)],
 [(299, 1), (476, 1), (477, 1)],
 [(25, 1),
  (103, 1),
  (232, 1),
  (299, 1),
  (334, 1),
  (360, 1),
  (425, 1),
  (478, 1),
  (479, 1)],
 [(44, 2),
  (59, 1),
  (71, 1),
  (75, 1),
  (147, 1),
  (213, 1),
  (215, 1),
  (232, 1),
  (280, 1),
  (480, 1)],
 [(90, 1), (227, 1), (470, 1), (481, 1), (482, 1), (483, 1), (484, 1)],
 [(41, 1), (42, 1), (117, 1), (315, 1), (406, 1), (485, 1)],
 [(486, 1)],
 [(71, 1),
  (103, 1),
  (120, 1),
  (139, 1),
  (147, 1),
  (247, 1),
  (285, 1),
  (462, 1)],
 [(82, 1), (103, 1), (110, 1), (311, 1), (487, 1), (488, 1), (489, 1)],
 [(0, 1),
  (14, 1),
  (26, 1),
  (32, 3),
  (37, 1),
  (114, 1),
  (147, 1),
  (213, 1),
  (274, 1),
  (475, 1)],
 [(7, 1), (14, 1), (24, 1), (25, 1), (86, 1), (395, 1), (480, 1)],
 [(26, 1),
  (29, 1),
  (103, 1),
  (214, 3),
  (267, 1),
  (426, 1),
  (490, 1),
  (491, 1),
  (492, 1),
  (493, 1),
  (494, 1),
  (495, 1),
  (496, 1),
  (497, 1)],
 [(26, 1),
  (29, 1),
  (103, 1),
  (214, 3),
  (267, 1),
  (426, 1),
  (490, 1),
  (491, 1),
  (492, 1),
  (493, 1),
  (494, 1),
  (495, 1),
  (496, 1),
  (497, 1)],
 [(94, 1)],
 [(498, 1)],
 [(71, 1)],
 [(7, 1), (99, 1), (186, 1), (472, 1), (499, 1), (500, 1)],
 [(35, 1), (43, 1), (82, 1), (114, 1), (147, 1), (186, 1), (279, 1), (501, 1)],
 [(40, 1), (114, 1), (213, 1), (299, 1), (501, 1), (502, 1), (503, 2)],
 [(72, 1),
  (114, 1),
  (117, 1),
  (147, 1),
  (158, 1),
  (170, 1),
  (185, 1),
  (187, 1),
  (212, 2),
  (260, 1),
  (277, 1),
  (369, 1),
  (460, 1)],
 [],
 [(41, 2), (85, 1), (87, 1), (166, 1), (425, 1)],
 [(25, 1), (80, 1), (504, 2), (505, 1)],
 [(147, 1), (506, 1)],
 [(115, 2), (296, 1), (341, 1), (486, 1), (507, 1), (508, 2)],
 [(31, 1),
  (71, 2),
  (75, 1),
  (99, 1),
  (282, 1),
  (351, 1),
  (365, 1),
  (424, 1),
  (509, 1)],
 [(6, 1), (7, 1), (158, 1), (398, 1), (502, 1), (505, 1)],
 [(32, 1), (115, 1), (169, 1), (510, 1), (511, 1)],
 [(32, 1), (115, 1), (169, 2), (426, 1), (510, 1), (511, 1)],
 [(77, 1), (103, 1), (299, 1), (436, 1), (512, 1)],
 [(25, 1),
  (77, 1),
  (103, 1),
  (114, 1),
  (147, 1),
  (205, 1),
  (210, 1),
  (279, 1),
  (292, 1)],
 [(7, 1), (25, 3), (166, 1), (210, 1), (279, 1), (323, 1), (513, 2)],
 [(52, 1), (63, 1), (178, 1), (179, 1), (187, 1), (340, 1), (485, 1), (514, 1)],
 [(6, 1), (147, 1), (223, 1), (499, 1), (515, 1), (516, 1)],
 [(115, 1), (116, 1), (141, 1), (335, 1), (365, 1), (371, 1), (517, 1)],
 [(19, 1), (32, 1), (71, 1), (224, 1), (438, 1), (509, 1)],
 [(45, 1),
  (58, 1),
  (123, 1),
  (165, 1),
  (350, 1),
  (357, 1),
  (365, 1),
  (407, 1),
  (450, 1),
  (478, 1)],
 [],
 [(42, 1), (88, 1), (158, 1), (407, 1), (479, 1), (516, 1)],
 [(44, 1),
  (77, 2),
  (99, 1),
  (114, 1),
  (147, 1),
  (159, 1),
  (241, 1),
  (351, 1),
  (424, 1),
  (502, 1)],
 [(10, 1), (13, 1), (114, 1), (141, 1), (439, 1)],
 [(110, 1), (112, 1), (185, 1), (187, 1), (214, 1), (237, 1), (265, 1)],
 [(19, 1), (42, 1), (233, 1), (406, 1)],
 [(16, 1),
  (24, 1),
  (25, 1),
  (123, 1),
  (147, 1),
  (222, 1),
  (423, 1),
  (426, 1),
  (451, 1),
  (518, 1)],
 [(42, 1), (116, 1), (190, 1), (334, 1), (467, 1), (483, 1), (519, 1)],
 [(140, 1), (141, 1), (373, 1), (520, 1)],
 [(147, 1), (158, 1), (230, 1), (294, 1), (394, 1)],
 [(72, 1), (115, 1), (116, 1), (213, 1), (236, 1), (259, 1), (521, 1)],
 [(25, 1), (116, 1), (211, 1)],
 [(25, 1), (116, 1), (211, 1)],
 [(470, 1), (471, 1)],
 [(32, 1), (169, 1), (195, 1), (212, 1), (285, 1), (368, 1), (520, 1)],
 [(207, 1), (296, 1)],
 [(0, 1), (214, 2), (309, 1), (371, 1), (522, 1)],
 [],
 [(419, 1)],
 [(7, 1), (13, 1), (99, 1), (103, 1), (107, 1), (147, 1), (178, 1), (522, 1)],
 [(37, 1), (259, 1), (420, 1), (449, 1), (523, 1)],
 [(19, 2), (38, 1), (474, 1)],
 [(53, 1), (64, 1), (512, 2), (524, 1), (525, 2), (526, 1)],
 [(19, 2), (25, 1), (80, 1), (200, 1), (272, 1), (407, 1)],
 [(54, 1), (512, 1), (527, 2)],
 [],
 [(189, 1), (426, 1), (463, 1)],
 [(6, 1), (108, 1)],
 [(8, 1),
  (24, 1),
  (25, 1),
  (26, 1),
  (58, 1),
  (74, 1),
  (103, 1),
  (159, 1),
  (265, 1),
  (298, 1),
  (385, 1),
  (459, 1)],
 [(8, 1), (41, 1), (88, 1), (105, 1), (130, 1), (174, 1), (261, 1), (286, 1)],
 [(85, 1), (201, 1), (272, 1), (406, 1), (469, 1)],
 [],
 [(41, 1), (99, 1), (166, 1), (228, 1), (259, 1), (383, 1), (489, 1), (509, 1)],
 [(32, 1), (224, 1)],
 [(115, 1), (481, 2), (528, 1), (529, 2)],
 [(25, 1), (177, 1), (201, 1), (204, 1), (374, 1), (506, 1)],
 [(25, 1),
  (35, 1),
  (60, 1),
  (104, 1),
  (298, 1),
  (468, 1),
  (473, 1),
  (481, 1),
  (530, 2)],
 [(8, 1), (531, 2), (532, 2)],
 [(7, 1), (12, 1), (200, 1), (351, 1), (484, 2), (514, 1), (523, 1), (533, 1)],
 [],
 [(25, 1)],
 [(140, 1), (169, 1), (212, 1), (293, 1), (296, 1), (351, 1)],
 [(58, 1), (163, 1), (434, 1)],
 [(7, 2),
  (35, 1),
  (114, 1),
  (188, 1),
  (245, 1),
  (266, 1),
  (356, 1),
  (425, 1),
  (522, 1),
  (533, 1),
  (534, 1)],
 [(69, 1), (85, 1), (166, 1), (249, 1)],
 [(524, 2), (526, 1)],
 [(114, 1), (321, 1), (341, 1), (412, 1), (507, 1), (515, 1)],
 [(25, 1),
  (165, 1),
  (178, 1),
  (214, 1),
  (281, 1),
  (295, 1),
  (507, 1),
  (535, 2)],
 [(39, 1),
  (77, 1),
  (116, 1),
  (207, 1),
  (264, 1),
  (389, 1),
  (477, 1),
  (487, 1),
  (517, 1)],
 [(19, 1), (32, 1), (37, 1), (213, 1), (332, 1), (399, 1)],
 [(71, 1), (147, 1), (241, 1), (488, 1)],
 [(7, 1),
  (32, 1),
  (105, 1),
  (245, 1),
  (383, 1),
  (396, 1),
  (476, 1),
  (528, 1),
  (536, 1)],
 [],
 [],
 [(19, 1), (105, 1), (321, 1)],
 [(19, 1), (169, 1), (282, 1), (321, 1), (485, 1), (506, 1)],
 [],
 [(26, 1), (35, 1), (326, 1)],
 [(13, 1),
  (26, 1),
  (61, 1),
  (75, 1),
  (134, 1),
  (147, 1),
  (264, 1),
  (280, 1),
  (536, 1)],
 [(41, 1),
  (80, 1),
  (85, 1),
  (103, 1),
  (114, 1),
  (201, 1),
  (406, 1),
  (498, 1),
  (500, 1),
  (537, 1)],
 [(67, 1), (111, 1), (115, 1), (537, 1)],
 [(12, 1),
  (19, 1),
  (77, 1),
  (114, 1),
  (142, 1),
  (182, 1),
  (214, 2),
  (351, 1),
  (510, 1),
  (534, 1),
  (538, 2)],
 [(13, 1), (42, 2), (251, 1), (256, 1), (340, 1), (371, 1), (539, 1)],
 [(19, 1), (36, 1), (109, 1), (115, 1), (232, 1), (289, 1), (299, 1), (482, 1)],
 [(0, 1), (412, 1)],
 [(1, 1), (25, 1), (162, 1), (233, 1), (540, 1)],
 [(341, 1), (465, 1), (496, 1), (497, 1), (541, 1), (542, 1)],
 [(0, 1), (206, 1), (404, 1), (413, 1), (541, 1), (543, 1), (544, 1), (545, 1)],
 [(25, 1),
  (171, 1),
  (213, 1),
  (464, 1),
  (540, 1),
  (541, 1),
  (543, 1),
  (544, 1),
  (545, 1)],
 [],
 [(32, 1), (96, 1), (179, 1), (340, 1), (379, 1), (519, 1), (542, 1)],
 [(13, 1), (27, 1), (103, 1)],
 [(181, 1), (223, 1)],
 [(144, 1), (187, 1), (205, 1), (257, 1), (278, 2), (394, 1), (518, 1)],
 [(150, 1), (182, 1), (254, 1), (410, 1), (427, 1)],
 [(7, 1), (17, 1), (19, 1), (114, 1), (133, 1), (399, 1), (475, 1)],
 [(19, 1), (30, 1), (445, 1), (539, 1)],
 [(3, 1), (103, 1), (115, 1), (151, 1), (299, 1), (546, 2)],
 [(103, 1), (363, 1), (432, 1), (520, 1)],
 [(431, 1)],
 [(16, 1),
  (25, 1),
  (31, 1),
  (58, 1),
  (87, 1),
  (96, 1),
  (190, 1),
  (264, 1),
  (299, 2),
  (476, 1)],
 [(19, 1), (58, 1), (71, 1), (99, 1), (103, 1), (162, 1), (521, 1)],
 [(37, 1), (71, 1), (103, 1), (166, 1), (263, 1), (369, 1), (385, 1), (475, 1)],
 [(19, 1), (26, 1)],
 [(7, 2),
  (19, 1),
  (26, 1),
  (42, 1),
  (86, 1),
  (114, 1),
  (182, 1),
  (396, 1),
  (399, 1),
  (434, 1),
  (444, 1)],
 [(129, 1), (251, 1)],
 [(251, 1)],
 [(36, 1)]]
